1396861885739;24304462;720.8572;620.5357;0.41935483;0
1396861885824;24304542;730.4725;620.5357;0.41935483;2
1396861885838;24304559;736.922;620.5357;0.41935483;2
1396861885855;24304575;753.0684;620.5357;0.41935483;2
1396861885870;24304591;781.74506;620.5357;0.41935483;2
1396861885891;24304612;817.3235;622.3214;0.41935483;2
1396861885908;24304629;852.0736;623.97565;0.41935483;2
1396861885925;24304645;878.4188;626.0866;0.41935483;2
1396861885942;24304662;894.5183;627.42596;0.41935483;2
1396861885958;24304679;913.62573;629.1872;0.41935483;2
1396861885976;24304696;936.62225;631.2296;0.41935483;2
1396861885993;24304713;956.80646;634.1824;0.41935483;2
1396861886009;24304729;970.6615;636.2804;0.41935483;2
1396861886027;24304746;982.87335;638.346;0.41935483;2
1396861886043;24304763;992.9212;639.2857;0.41935483;2
1396861886059;24304780;1001.7983;639.2857;0.41935483;2
1396861886076;24304797;1006.08136;639.2857;0.41935483;2
1396861886093;24304813;1013.8943;639.2857;0.41935483;2
1396861886109;24304830;1022.2489;639.2857;0.41935483;2
1396861886127;24304847;1028.9803;639.2857;0.41935483;2
1396861886144;24304864;1035.1487;638.1924;0.41935483;2
1396861886160;24304881;1041.2441;636.076;0.41935483;2
1396861886177;24304898;1048.125;633.98444;0.41935483;2
1396861886194;24304915;1054.0365;631.9317;0.41935483;2
1396861886211;24304931;1057.1135;630.86334;0.41935483;2
1396861886228;24304948;1062.8073;628.88635;0.41935483;2
1396861886245;24304965;1068.1919;626.6857;0.41935483;2
1396861886263;24304982;1072.2344;624.58026;0.41935483;2
1396861886280;24304999;1075.9114;622.6652;0.41935483;2
1396861886298;24305016;1080.2982;620.38043;0.41935483;2
1396861886312;24305032;1084.266;618.3138;0.41935483;2
1396861886330;24305047;1087.7144;616.5179;0.41935483;2
1396861886345;24305066;1088.588;616.0714;0.41935483;2
1396861886353;24305078;1088.588;616.0714;0.41935483;1
1396861889278;24307999;1248.0;615.1786;0.41935483;0
1396861889312;24308033;1217.0288;613.3928;0.41935483;2
1396861889330;24308050;1203.097;613.3928;0.41935483;2
1396861889347;24308066;1151.7844;615.67664;0.41935483;2
1396861889362;24308083;1104.231;619.30725;0.41935483;2
1396861889383;24308104;1064.2858;621.4286;0.41935483;2
1396861889400;24308121;1023.99664;621.4286;0.41935483;2
1396861889415;24308128;1005.4286;620.5357;0.38709676;2
1396861889418;24308140;1005.4286;620.5357;0.38709676;1
1396861893600;24312325;1209.4286;616.0714;0.41935483;0
1396861893675;24312396;1182.2083;605.24445;0.41935483;2
1396861893692;24312413;1150.5303;603.93286;0.41935483;2
1396861893709;24312429;1104.9895;606.04083;0.41935483;2
1396861893729;24312450;1062.9673;608.6653;0.41935483;2
1396861893746;24312463;1040.1428;610.2678;0.41935483;2
1396861893763;24312483;1002.4641;609.8214;0.41935483;2
1396861893781;24312500;949.6513;605.2029;0.41935483;2
1396861893796;24312517;905.10254;601.82825;0.41935483;2
1396861893813;24312534;879.9788;600.8928;0.41935483;2
1396861893833;24312551;859.58154;600.8928;0.41935483;2
1396861893847;24312567;853.07196;600.8928;0.41935483;2
1396861893861;24312574;851.1429;600.0;0.38709676;2
1396861893863;24312586;851.1429;600.0;0.38709676;1
1396861895887;24314610;494.57144;578.5714;0.41935483;0
1396861895964;24314683;529.95105;591.46185;0.41935483;2
1396861895983;24314700;583.6267;602.5211;0.41935483;2
1396861895996;24314715;632.9916;605.47253;0.41935483;2
1396861896008;24314728;677.03394;606.25;0.41935483;2
1396861896025;24314746;745.99976;605.7423;0.41935483;2
1396861896043;24314763;819.24835;605.3571;0.41935483;2
1396861896060;24314780;869.3373;605.3571;0.41935483;2
1396861896082;24314797;938.30695;605.3571;0.41935483;2
1396861896095;24314813;1054.4661;603.5714;0.41935483;2
1396861896110;24314830;1109.9921;603.5714;0.41935483;2
1396861896127;24314847;1163.901;603.5714;0.41935483;2
1396861896144;24314864;1213.0942;607.1653;0.41935483;2
1396861896160;24314881;1251.5585;611.6279;0.41935483;2
1396861896178;24314897;1280.1428;616.0715;0.41935483;2
1396861896194;24314914;1293.4302;618.2008;0.41935483;2
1396861896214;24314931;1322.619;619.6428;0.41935483;2
1396861896228;24314948;1343.6113;619.6428;0.41935483;2
1396861896247;24314965;1354.674;619.6428;0.41935483;2
1396861896261;24314982;1360.499;619.6428;0.41935483;2
1396861896280;24314998;1364.7058;618.75;0.41935483;2
1396861896295;24315015;1366.8568;617.8571;0.41935483;2
1396861896314;24315032;1367.1428;616.9817;0.41935483;2
1396861896326;24315038;1367.1428;615.1786;0.3548387;2
1396861896331;24315050;1367.1428;615.1786;0.3548387;1
1396861897820;24316545;668.5714;609.8214;0.41935483;0
1396861897903;24316624;688.7121;609.8618;0.41935483;2
1396861897920;24316641;728.80664;615.2493;0.41935483;2
1396861897936;24316657;772.26105;619.88403;0.41935483;2
1396861897961;24316681;830.62744;619.5199;0.41935483;2
1396861897981;24316698;872.8741;613.2528;0.41935483;2
1396861897994;24316712;914.1428;604.0178;0.41935483;2
1396861898012;24316732;935.1063;598.92395;0.41935483;2
1396861898030;24316749;974.3582;589.53345;0.41935483;2
1396861898045;24316766;995.45776;584.9344;0.41935483;2
1396861898063;24316783;1003.77826;583.0357;0.41935483;2
1396861898084;24316799;1011.39044;583.0357;0.41935483;2
1396861898096;24316816;1017.69696;583.0357;0.41935483;2
1396861898113;24316833;1022.5909;583.0357;0.41935483;2
1396861898134;24316850;1024.9016;583.0357;0.41935483;2
1396861898149;24316867;1028.7448;583.0357;0.41935483;2
1396861898163;24316884;1031.5681;583.0357;0.41935483;2
1396861898180;24316901;1034.4613;583.0357;0.41935483;2
1396861898197;24316917;1038.5787;583.0357;0.41935483;2
1396861898214;24316934;1042.791;582.1428;0.41935483;2
1396861898233;24316951;1047.0251;580.3571;0.41935483;2
1396861898247;24316966;1052.1428;580.3571;0.41935483;2
1396861898263;24316978;1053.4286;580.3571;0.3548387;2
1396861898269;24316989;1053.4286;580.3571;0.3548387;1
1396861899466;24318191;1254.8572;570.5357;0.41935483;0
1396861899541;24318261;1224.6365;584.3604;0.41935483;2
1396861899557;24318278;1197.5479;594.742;0.41935483;2
1396861899576;24318294;1165.1324;605.19775;0.41935483;2
1396861899593;24318311;1123.4017;614.61053;0.41935483;2
1396861899607;24318328;1088.5511;619.5339;0.41935483;2
1396861899624;24318344;1040.3213;624.2074;0.41935483;2
1396861899641;24318355;1013.1428;625.4464;0.41935483;2
1396861899657;24318378;984.5325;626.7857;0.41935483;2
1396861899675;24318395;943.3081;625.87054;0.41935483;2
1396861899691;24318412;924.72723;625.8928;0.41935483;2
1396861899708;24318429;909.339;624.3489;0.41935483;2
1396861899727;24318445;899.61456;624.1071;0.41935483;2
1396861899741;24318462;892.9419;623.73975;0.41935483;2
1396861899758;24318479;888.3804;623.2143;0.41935483;2
1396861899776;24318496;886.3235;623.2143;0.41935483;2
1396861899792;24318513;882.3219;623.2143;0.41935483;2
1396861899809;24318529;878.3841;623.2143;0.41935483;2
1396861899828;24318546;876.064;622.38806;0.41935483;2
1396861899843;24318563;872.06036;621.1624;0.41935483;2
1396861899859;24318580;867.9945;619.04474;0.41935483;2
1396861899876;24318597;863.97314;616.9503;0.41935483;2
1396861899893;24318614;859.9394;616.0714;0.41935483;2
1396861899910;24318630;858.0342;614.74994;0.41935483;2
1396861899927;24318647;854.10333;613.3928;0.41935483;2
1396861899943;24318664;850.0923;613.3928;0.41935483;2
1396861899960;24318681;843.8813;611.16907;0.41935483;2
1396861899978;24318698;837.79083;609.0544;0.41935483;2
1396861899994;24318714;832.6542;606.8883;0.41935483;2
1396861900010;24318731;827.80817;604.8108;0.41935483;2
1396861900027;24318745;824.5714;603.125;0.41935483;2
1396861900044;24318765;823.7143;601.33923;0.38709676;2
1396861900048;24318774;823.7143;601.33923;0.38709676;1
1396861901248;24319973;714.8572;574.1071;0.41935483;0
1396861901324;24320042;727.84924;577.0957;0.41935483;2
1396861901338;24320059;758.77313;586.222;0.41935483;2
1396861901357;24320074;799.2775;598.0843;0.41935483;2
1396861901366;24320087;828.8276;604.0721;0.41935483;2
1396861901384;24320105;867.958;608.0113;0.41935483;2
1396861901403;24320122;910.01624;608.9286;0.41935483;2
1396861901418;24320139;944.76587;608.0817;0.41935483;2
1396861901437;24320155;966.4035;606.0294;0.41935483;2
1396861901452;24320172;1004.3065;602.5773;0.41935483;2
1396861901468;24320189;1032.6484;600.8928;0.41935483;2
1396861901485;24320206;1046.6344;600.8928;0.41935483;2
1396861901502;24320223;1055.3615;600.8928;0.41935483;2
1396861901519;24320240;1061.6733;600.8928;0.41935483;2
1396861901536;24320256;1066.536;600.8928;0.41935483;2
1396861901553;24320269;1069.7144;600.8928;0.41935483;2
1396861901570;24320290;1072.6815;600.8928;0.41935483;2
1396861901586;24320307;1076.67;600.8928;0.41935483;2
1396861901603;24320324;1080.806;600.8928;0.41935483;2
1396861901620;24320340;1084.067;599.6674;0.41935483;2
1396861901639;24320357;1086.6154;597.57324;0.41935483;2
1396861901653;24320374;1088.7559;595.34357;0.41935483;2
1396861901670;24320391;1090.7651;593.25055;0.41935483;2
1396861901687;24320408;1091.8928;592.8571;0.41935483;2
1396861901704;24320425;1093.8293;591.9643;0.41935483;2
1396861901721;24320441;1096.4629;591.0714;0.41935483;2
1396861901736;24320451;1097.1428;590.1786;0.38709676;2
1396861901742;24320462;1097.1428;590.1786;0.38709676;1
1396861902988;24321710;478.2857;575.0;0.41935483;0
1396861903052;24321772;489.2395;581.95905;0.41935483;2
1396861903070;24321789;503.35376;585.22253;0.41935483;2
1396861903085;24321806;553.23193;594.4314;0.41935483;2
1396861903102;24321822;618.40015;602.6901;0.41935483;2
1396861903119;24321839;684.60223;606.25;0.41935483;2
1396861903137;24321856;761.1349;603.0786;0.41935483;2
1396861903152;24321873;841.34564;596.1098;0.41935483;2
1396861903169;24321889;942.0154;585.106;0.41935483;2
1396861903186;24321906;1018.9575;575.29395;0.41935483;2
1396861903202;24321923;1056.8655;570.50757;0.41935483;2
1396861903219;24321940;1135.1392;558.7885;0.41935483;2
1396861903236;24321957;1194.0054;551.1326;0.41935483;2
1396861903253;24321974;1244.2089;545.3166;0.41935483;2
1396861903270;24321990;1268.6908;543.75;0.41935483;2
1396861903286;24322007;1289.7334;542.8571;0.41935483;2
1396861903304;24322024;1303.9012;542.8571;0.41935483;2
1396861903320;24322041;1310.8074;542.8571;0.41935483;2
1396861903337;24322058;1321.5696;543.89844;0.41935483;2
1396861903354;24322074;1330.6217;546.06964;0.41935483;2
1396861903371;24322091;1337.2083;548.23706;0.41935483;2
1396861903387;24322108;1342.1997;550.4016;0.41935483;2
1396861903404;24322125;1346.344;552.5601;0.41935483;2
1396861903421;24322142;1350.5042;554.7268;0.41935483;2
1396861903438;24322159;1354.1152;556.60767;0.41935483;2
1396861903455;24322175;1357.6052;559.7456;0.41935483;2
1396861903471;24322192;1364.9436;566.8859;0.41935483;2
1396861903488;24322209;1371.3712;575.8131;0.41935483;2
1396861903505;24322226;1377.068;582.66;0.41935483;2
1396861903522;24322243;1381.8234;587.6136;0.41935483;2
1396861903539;24322259;1384.7854;592.11237;0.41935483;2
1396861903555;24322276;1386.9629;594.7529;0.41935483;2
1396861903573;24322293;1388.0004;595.8337;0.41935483;2
1396861903589;24322310;1389.4286;597.9935;0.41935483;2
1396861903607;24322327;1389.4286;600.2013;0.41935483;2
1396861903623;24322343;1387.9493;600.0;0.41935483;2
1396861903640;24322360;1385.866;600.0;0.41935483;2
1396861903656;24322377;1383.7975;600.0;0.41935483;2
1396861903673;24322394;1381.7153;600.0;0.41935483;2
1396861903690;24322404;1380.4286;600.0;0.41935483;2
1396861903707;24322428;1378.462;601.60205;0.41935483;2
1396861903720;24322435;1378.2858;602.6786;0.32258064;2
1396861903722;24322446;1378.2858;602.6786;0.32258064;1
1396861904760;24323482;688.2857;572.3214;0.41935483;0
1396861904816;24323537;699.7972;572.3214;0.41935483;2
1396861904833;24323554;713.9907;574.5526;0.41935483;2
1396861904850;24323568;737.5715;577.6786;0.41935483;2
1396861904866;24323587;770.7753;582.7735;0.41935483;2
1396861904883;24323604;824.7384;589.74664;0.41935483;2
1396861904900;24323621;874.79193;593.54;0.41935483;2
1396861904916;24323637;911.3856;593.75;0.41935483;2
1396861904933;24323654;951.9749;591.05975;0.41935483;2
1396861904950;24323671;985.66595;587.37964;0.41935483;2
1396861904967;24323688;1012.56775;584.3077;0.41935483;2
1396861904984;24323705;1021.9723;583.1249;0.41935483;2
1396861905002;24323721;1031.8429;583.0357;0.41935483;2
1396861905017;24323738;1037.5734;583.0357;0.41935483;2
1396861905035;24323755;1041.6707;583.0357;0.41935483;2
1396861905051;24323772;1046.0444;583.0357;0.41935483;2
1396861905070;24323789;1048.4634;583.0357;0.41935483;2
1396861905085;24323804;1049.1428;582.1428;0.41935483;2
1396861905101;24323806;1050.0;582.1428;0.38709676;2
1396861905104;24323826;1050.0;582.1428;0.38709676;1
1396861906335;24325060;197.14285;606.25;0.41935483;0
1396861906371;24325092;216.56403;613.06604;0.41935483;2
1396861906388;24325108;231.63133;616.111;0.41935483;2
1396861906404;24325125;301.67334;623.91943;0.41935483;2
1396861906429;24325149;433.32593;625.8574;0.41935483;2
1396861906445;24325166;525.9371;620.6223;0.41935483;2
1396861906462;24325183;638.20087;609.59125;0.41935483;2
1396861906482;24325200;740.6727;596.22217;0.41935483;2
1396861906496;24325217;896.9565;579.75305;0.41935483;2
1396861906513;24325233;940.6577;576.9063;0.41935483;2
1396861906532;24325250;1080.0741;570.9907;0.41935483;2
1396861906546;24325267;1244.2745;564.5773;0.41935483;2
1396861906563;24325284;1327.4191;564.2857;0.41935483;2
1396861906583;24325301;1427.0945;563.84735;0.41935483;2
1396861906597;24325317;1501.4252;565.1689;0.41935483;2
1396861906614;24325334;1554.6719;567.38025;0.41935483;2
1396861906631;24325348;1582.2858;569.1964;0.41935483;2
1396861906647;24325368;1602.0397;570.6662;0.41935483;2
1396861906664;24325385;1643.9346;575.036;0.41935483;2
1396861906681;24325402;1669.3301;579.17694;0.41935483;2
1396861906699;24325418;1686.1395;583.51843;0.41935483;2
1396861906714;24325435;1698.9702;589.17786;0.41935483;2
1396861906731;24325452;1706.9576;593.5047;0.41935483;2
1396861906749;24325469;1713.4056;597.90076;0.41935483;2
1396861906765;24325486;1716.4695;600.489;0.41935483;2
1396861906782;24325502;1720.0316;602.54626;0.41935483;2
1396861906800;24325519;1722.1669;604.6381;0.41935483;2
1396861906816;24325536;1724.1724;606.72705;0.41935483;2
1396861906832;24325549;1727.143;605.8036;0.38709676;2
1396861906835;24325558;1727.143;605.8036;0.38709676;1
1396861908049;24326771;1863.4286;634.8214;0.32258064;0
1396861908136;24326852;1834.2858;642.41077;0.3548387;2
1396861908152;24326873;1801.1116;643.053;0.3548387;2
1396861908177;24326897;1701.1815;641.4315;0.3548387;2
1396861908193;24326914;1626.2852;639.21954;0.3548387;2
1396861908210;24326930;1542.1555;636.1982;0.3548387;2
1396861908226;24326947;1455.6974;635.7143;0.3548387;2
1396861908243;24326964;1304.9496;638.84546;0.3548387;2
1396861908260;24326980;1216.7144;643.75;0.3548387;2
1396861908277;24326998;1150.2969;646.96954;0.3548387;2
1396861908297;24327015;939.02734;657.0377;0.3548387;2
1396861908311;24327032;848.7208;659.8214;0.3548387;2
1396861908331;24327049;751.3837;657.87756;0.3548387;2
1396861908345;24327066;651.1964;655.7401;0.3548387;2
1396861908362;24327083;556.07306;656.2541;0.3548387;2
1396861908380;24327098;478.8537;659.1975;0.3548387;2
1396861908395;24327115;439.43762;660.522;0.3548387;2
1396861908411;24327132;383.48077;662.489;0.3548387;2
1396861908429;24327149;328.84244;663.3928;0.3548387;2
1396861908445;24327166;293.8363;663.3928;0.3548387;2
1396861908462;24327183;277.98166;663.3928;0.3548387;2
1396861908481;24327200;267.1744;663.3928;0.3548387;2
1396861908496;24327216;258.48163;663.3928;0.3548387;2
1396861908512;24327233;252.50822;662.5;0.3548387;2
1396861908532;24327250;250.97833;661.9679;0.3548387;2
1396861908546;24327267;248.43948;659.68396;0.3548387;2
1396861908563;24327284;246.40465;657.56433;0.3548387;2
1396861908580;24327301;246.0;655.593;0.3548387;2
1396861908599;24327317;246.0;653.31415;0.3548387;2
1396861908613;24327334;246.0;651.9655;0.3548387;2
1396861908634;24327351;246.0;650.84186;0.3548387;2
1396861908650;24327368;246.0;649.41376;0.3548387;2
1396861908664;24327385;246.0;647.6238;0.3548387;2
1396861908681;24327402;246.0;643.64136;0.3548387;2
1396861908698;24327419;246.0;637.9908;0.3548387;2
1396861908715;24327435;246.85715;631.3494;0.3548387;2
1396861908731;24327452;238.6256;613.9963;0.32258064;2
1396861908740;24327454;237.42857;612.5;0.29032257;2
1396861908742;24327466;237.42857;612.5;0.29032257;1
1396861909722;24328445;1494.8572;612.5;0.41935483;0
1396861909756;24328477;1483.2509;605.8783;0.41935483;2
1396861909773;24328494;1464.3951;600.5757;0.41935483;2
1396861909790;24328511;1421.0956;596.3175;0.41935483;2
1396861909806;24328527;1371.3651;594.6428;0.41935483;2
1396861909823;24328539;1331.5714;594.6428;0.41935483;2
1396861909840;24328561;1269.7937;594.3177;0.41935483;2
1396861909857;24328577;1102.9625;589.6449;0.41935483;2
1396861909874;24328594;1035.738;586.11536;0.41935483;2
1396861909890;24328611;964.29315;579.5927;0.41935483;2
1396861909907;24328628;893.9145;570.2679;0.41935483;2
1396861909924;24328645;820.6295;562.2756;0.41935483;2
1396861909941;24328662;751.67096;557.3579;0.41935483;2
1396861909958;24328678;718.15704;556.2737;0.41935483;2
1396861909975;24328695;654.3484;557.4074;0.41935483;2
1396861909992;24328712;606.85547;558.0357;0.41935483;2
1396861910008;24328729;579.894;558.0357;0.41935483;2
1396861910026;24328746;564.77893;558.0357;0.41935483;2
1396861910044;24328763;553.2535;558.0357;0.41935483;2
1396861910059;24328779;545.3628;558.55457;0.41935483;2
1396861910076;24328796;541.20264;560.53436;0.41935483;2
1396861910094;24328813;539.18097;561.5873;0.41935483;2
1396861910110;24328830;536.327;563.6474;0.41935483;2
1396861910128;24328847;535.7143;565.60065;0.41935483;2
1396861910143;24328864;535.7143;568.4111;0.41935483;2
1396861910160;24328880;535.7143;572.6049;0.41935483;2
1396861910181;24328897;537.70514;576.46893;0.41935483;2
1396861910195;24328914;539.7155;580.65735;0.41935483;2
1396861910210;24328931;541.72327;584.84015;0.41935483;2
1396861910231;24328948;541.7143;586.7643;0.41935483;2
1396861910246;24328964;541.7143;590.5783;0.41935483;2
1396861910261;24328981;541.7143;592.6418;0.41935483;2
1396861910281;24328998;541.7143;594.7375;0.41935483;2
1396861910285;24329010;541.7143;594.7375;0.41935483;1
1396861911235;24329960;1818.0;562.5;0.41935483;0
1396861911316;24330036;1781.2427;581.89685;0.41935483;2
1396861911336;24330053;1733.0496;601.2229;0.41935483;2
1396861911349;24330070;1681.4457;616.6855;0.41935483;2
1396861911365;24330086;1631.3624;627.4542;0.41935483;2
1396861911384;24330102;1577.0458;633.84314;0.41935483;2
1396861911397;24330118;1517.3264;637.2708;0.41935483;2
1396861911414;24330131;1466.5713;637.5;0.41935483;2
1396861911430;24330151;1407.3593;636.4044;0.41935483;2
1396861911447;24330168;1206.276;633.0357;0.41935483;2
1396861911464;24330185;1112.0176;634.81213;0.41935483;2
1396861911483;24330201;1026.1511;636.03033;0.41935483;2
1396861911497;24330218;927.71466;637.21765;0.41935483;2
1396861911514;24330235;846.2799;638.45105;0.41935483;2
1396861911533;24330251;744.922;638.3928;0.41935483;2
1396861911548;24330268;698.70294;637.66376;0.41935483;2
1396861911564;24330285;620.0135;634.16156;0.41935483;2
1396861911581;24330302;476.51184;622.5593;0.41935483;2
1396861911598;24330319;430.27158;618.9046;0.41935483;2
1396861911615;24330336;389.08972;615.68964;0.41935483;2
1396861911632;24330352;365.31934;613.70575;0.41935483;2
1396861911651;24330369;341.66217;612.5;0.41935483;2
1396861911665;24330386;324.9401;612.5;0.41935483;2
1396861911682;24330403;314.0455;612.5;0.41935483;2
1396861911699;24330420;288.3091;613.44037;0.41935483;2
1396861911716;24330437;272.14932;613.3928;0.41935483;2
1396861911733;24330453;261.37225;613.3928;0.41935483;2
1396861911749;24330470;252.5954;614.2857;0.41935483;2
1396861911766;24330487;246.53401;614.69556;0.41935483;2
1396861911790;24330511;240.4855;616.0714;0.41935483;2
1396861911807;24330527;238.35374;616.9289;0.41935483;2
1396861911824;24330544;235.44447;616.9643;0.41935483;2
1396861911841;24330561;233.3597;616.9643;0.41935483;2
1396861911857;24330578;231.31659;616.9643;0.41935483;2
1396861911877;24330595;229.2286;616.9643;0.41935483;2
1396861911891;24330612;227.22015;616.9643;0.41935483;2
1396861911908;24330623;225.85715;616.9643;0.41935483;2
1396861911926;24330645;226.28572;614.62445;0.38709676;2
1396861911934;24330660;226.28572;614.62445;0.38709676;1
1396861912848;24331572;648.8572;584.8214;0.41935483;0
1396861912932;24331649;675.67163;602.38336;0.41935483;2
1396861912945;24331665;703.4061;611.6021;0.41935483;2
1396861912961;24331682;733.49786;617.3509;0.41935483;2
1396861912983;24331704;792.64545;620.33203;0.41935483;2
1396861913000;24331720;837.7871;619.58777;0.41935483;2
1396861913016;24331737;884.235;618.75;0.41935483;2
1396861913034;24331754;912.34235;618.0357;0.41935483;2
1396861913050;24331771;957.3524;614.29205;0.41935483;2
1396861913067;24331788;991.0134;611.29596;0.41935483;2
1396861913086;24331804;1008.33203;609.8214;0.41935483;2
1396861913101;24331821;1019.40814;609.8214;0.41935483;2
1396861913118;24331838;1028.1276;608.0357;0.41935483;2
1396861913135;24331855;1034.4595;608.0357;0.41935483;2
1396861913151;24331871;1040.7517;608.0357;0.41935483;2
1396861913168;24331889;1042.5269;608.0357;0.41935483;2
1396861913185;24331906;1046.5894;608.0357;0.41935483;2
1396861913202;24331923;1050.6875;608.0357;0.41935483;2
1396861913219;24331939;1054.0485;607.38995;0.41935483;2
1396861913236;24331956;1057.0507;605.25635;0.41935483;2
1396861913253;24331973;1061.1862;603.1024;0.41935483;2
1396861913270;24331990;1065.2997;600.95996;0.41935483;2
1396861913287;24332007;1068.2191;599.43945;0.41935483;2
1396861913298;24332012;1068.8572;599.1071;0.3548387;2
1396861913300;24332024;1068.8572;599.1071;0.3548387;1
1396861914200;24332923;657.4286;624.1071;0.41935483;0
1396861914268;24332989;676.0105;629.5855;0.41935483;2
1396861914284;24333005;701.7602;634.65814;0.41935483;2
1396861914301;24333022;744.44525;636.8757;0.41935483;2
1396861914311;24333032;777.22614;637.5;0.41935483;2
1396861914329;24333049;829.537;635.22906;0.41935483;2
1396861914345;24333066;880.2132;631.8515;0.41935483;2
1396861914362;24333079;918.0;628.5714;0.41935483;2
1396861914379;24333100;942.8682;626.506;0.41935483;2
1396861914396;24333117;978.62915;623.4573;0.41935483;2
1396861914413;24333134;998.7118;622.3214;0.41935483;2
1396861914432;24333151;1010.9805;622.3214;0.41935483;2
1396861914446;24333167;1020.95264;621.4286;0.41935483;2
1396861914464;24333184;1028.1053;621.4286;0.41935483;2
1396861914481;24333201;1033.291;620.5357;0.41935483;2
1396861914497;24333218;1035.5115;620.5357;0.41935483;2
1396861914514;24333235;1039.781;620.5357;0.41935483;2
1396861914532;24333252;1044.0374;619.62335;0.41935483;2
1396861914548;24333268;1048.2726;617.4175;0.41935483;2
1396861914564;24333285;1052.554;615.1877;0.41935483;2
1396861914583;24333302;1056.7279;611.74176;0.41935483;2
1396861914598;24333319;1060.927;607.3677;0.41935483;2
1396861914615;24333330;1063.7144;604.46423;0.41935483;2
1396861914632;24333353;1067.0997;603.14746;0.41935483;2
1396861914649;24333369;1071.3126;600.95325;0.41935483;2
1396861914667;24333386;1075.4252;598.81134;0.41935483;2
1396861914682;24333403;1079.5151;595.1479;0.41935483;2
1396861914700;24333420;1083.6785;590.8111;0.41935483;2
1396861914716;24333435;1087.7144;585.2678;0.38709676;2
1396861914719;24333444;1087.7144;585.2678;0.38709676;1
1396861915676;24334400;1768.2858;595.5357;0.41935483;0
1396861915768;24334489;1747.675;595.5357;0.41935483;2
1396861915784;24334505;1707.4622;596.4959;0.41935483;2
1396861915801;24334522;1652.0023;600.0423;0.41935483;2
1396861915818;24334538;1585.1294;604.44763;0.41935483;2
1396861915840;24334561;1520.3679;608.0939;0.41935483;2
1396861915857;24334578;1372.6073;609.8214;0.41935483;2
1396861915876;24334595;1220.7435;606.2578;0.41935483;2
1396861915890;24334611;1132.2709;601.2724;0.41935483;2
1396861915907;24334628;975.0944;589.7031;0.41935483;2
1396861915926;24334645;895.46893;584.479;0.41935483;2
1396861915943;24334662;792.7099;580.7417;0.41935483;2
1396861915958;24334676;707.5714;579.0179;0.41935483;2
1396861915977;24334695;662.048;579.4643;0.41935483;2
1396861915992;24334712;521.85803;580.3571;0.41935483;2
1396861916008;24334729;457.09268;580.3571;0.41935483;2
1396861916029;24334746;413.1939;580.3571;0.41935483;2
1396861916042;24334762;373.4505;580.92773;0.41935483;2
1396861916059;24334780;336.9246;583.1599;0.41935483;2
1396861916076;24334797;304.1516;585.3539;0.41935483;2
1396861916093;24334813;290.78836;586.51385;0.41935483;2
1396861916111;24334830;267.20392;588.3928;0.41935483;2
1396861916126;24334847;244.99586;589.69025;0.41935483;2
1396861916144;24334864;233.91454;591.8035;0.41935483;2
1396861916160;24334881;224.20132;592.8571;0.41935483;2
1396861916177;24334898;217.73235;594.93414;0.41935483;2
1396861916194;24334914;211.57573;597.0719;0.41935483;2
1396861916211;24334931;207.28996;598.2143;0.41935483;2
1396861916228;24334948;205.51692;599.2099;0.41935483;2
1396861916244;24334965;201.16336;600.0;0.41935483;2
1396861916261;24334982;198.80092;600.0;0.41935483;2
1396861916278;24334999;196.75026;600.0;0.41935483;2
1396861916296;24335015;194.69444;600.0;0.41935483;2
1396861916314;24335032;192.63127;600.0;0.41935483;2
1396861916332;24335049;190.58057;600.0;0.41935483;2
1396861916346;24335062;190.28572;601.33923;0.41935483;2
1396861916362;24335083;187.8854;600.5355;0.3548387;2
1396861916366;24335092;187.8854;600.5355;0.3548387;1
1396861917219;24335943;1812.8572;600.0;0.41935483;0
1396861917270;24335991;1803.3462;598.19867;0.41935483;2
1396861917287;24336008;1777.7742;596.4286;0.41935483;2
1396861917304;24336024;1723.0331;598.7866;0.41935483;2
1396861917320;24336040;1658.6603;602.88324;0.41935483;2
1396861917336;24336057;1610.9857;606.2284;0.41935483;2
1396861917353;24336074;1408.6655;617.2561;0.41935483;2
1396861917371;24336091;1317.906;620.75757;0.41935483;2
1396861917387;24336108;1168.3431;620.8537;0.41935483;2
1396861917404;24336124;1083.0532;619.5856;0.41935483;2
1396861917420;24336141;960.8032;617.0132;0.41935483;2
1396861917437;24336158;834.8427;615.1786;0.41935483;2
1396861917454;24336170;781.2857;613.83923;0.41935483;2
1396861917472;24336192;679.2095;612.5823;0.41935483;2
1396861917488;24336209;535.2037;607.4869;0.41935483;2
1396861917507;24336225;482.20673;605.3776;0.41935483;2
1396861917521;24336242;432.2979;602.32745;0.41935483;2
1396861917538;24336259;395.6754;600.195;0.41935483;2
1396861917557;24336276;369.5299;598.8927;0.41935483;2
1396861917572;24336293;347.3959;597.3214;0.41935483;2
1396861917589;24336309;338.84412;596.4641;0.41935483;2
1396861917606;24336326;319.57013;594.35657;0.41935483;2
1396861917622;24336343;298.40082;592.2365;0.41935483;2
1396861917639;24336360;284.95215;591.0005;0.41935483;2
1396861917656;24336377;275.214;591.0714;0.41935483;2
1396861917673;24336394;267.80945;591.0714;0.41935483;2
1396861917690;24336410;263.64288;591.0714;0.41935483;2
1396861917706;24336427;259.7143;591.0714;0.41935483;2
1396861917723;24336444;257.56567;591.0714;0.41935483;2
1396861917740;24336461;253.59004;592.9218;0.41935483;2
1396861917757;24336478;249.86534;595.08075;0.41935483;2
1396861917776;24336494;247.00162;596.2781;0.41935483;2
1396861917792;24336511;244.95984;596.4286;0.41935483;2
1396861917807;24336528;242.96164;596.915;0.41935483;2
1396861917826;24336545;239.8348;598.2143;0.3548387;2
1396861917839;24336565;239.8348;598.2143;0.3548387;1
1396861918746;24337470;1502.5714;558.0357;0.41935483;0
1396861918809;24337530;1488.7241;564.5197;0.41935483;2
1396861918828;24337546;1473.2415;568.9831;0.41935483;2
1396861918842;24337563;1438.3777;575.949;0.41935483;2
1396861918866;24337587;1357.2583;584.8542;0.41935483;2
1396861918883;24337604;1295.1179;590.8303;0.41935483;2
1396861918900;24337620;1253.6614;593.1405;0.41935483;2
1396861918916;24337637;1129.6837;599.15015;0.41935483;2
1396861918933;24337654;1060.3018;602.1596;0.41935483;2
1396861918950;24337671;993.2272;604.3083;0.41935483;2
1396861918968;24337688;927.7171;605.3571;0.41935483;2
1396861918985;24337705;864.97723;603.4012;0.41935483;2
1396861919001;24337721;808.13666;599.2279;0.41935483;2
1396861919017;24337732;775.7143;595.08936;0.41935483;2
1396861919034;24337755;739.90967;589.7093;0.41935483;2
1396861919051;24337772;696.39545;581.87897;0.41935483;2
1396861919071;24337789;677.4059;579.36115;0.41935483;2
1396861919086;24337805;664.441;577.31903;0.41935483;2
1396861919102;24337822;652.9713;576.7857;0.41935483;2
1396861919119;24337839;645.17633;576.7857;0.41935483;2
1396861919136;24337856;639.08453;576.7857;0.41935483;2
1396861919152;24337873;636.2756;576.7857;0.41935483;2
1396861919169;24337889;631.60376;577.717;0.41935483;2
1396861919189;24337906;627.4906;579.74036;0.41935483;2
1396861919203;24337923;622.05615;581.816;0.41935483;2
1396861919219;24337940;617.8578;584.0027;0.41935483;2
1396861919236;24337957;613.7505;586.56946;0.41935483;2
1396861919253;24337974;609.02795;589.1272;0.41935483;2
1396861919270;24337990;604.0847;591.1761;0.41935483;2
1396861919287;24338007;602.10065;592.2095;0.41935483;2
1396861919304;24338024;597.87787;594.4088;0.41935483;2
1396861919321;24338041;593.8355;596.5143;0.41935483;2
1396861919338;24338058;593.1429;596.5642;0.41935483;2
1396861919345;24338059;593.1429;596.4286;0.3548387;2
1396861919348;24338071;593.1429;596.4286;0.3548387;1
1396861920459;24339182;1485.4286;558.9286;0.41935483;0
1396861920533;24339252;1467.7518;567.74493;0.41935483;2
1396861920549;24339268;1442.5989;575.75714;0.41935483;2
1396861920563;24339283;1403.5831;586.44867;0.41935483;2
1396861920577;24339296;1362.9758;593.0923;0.41935483;2
1396861920593;24339310;1323.0;597.7679;0.41935483;2
1396861920610;24339331;1263.0896;599.1071;0.41935483;2
1396861920627;24339348;1161.031;597.3686;0.41935483;2
1396861920644;24339365;1089.4073;595.1631;0.41935483;2
1396861920661;24339381;1014.00995;593.9192;0.41935483;2
1396861920681;24339398;939.69543;592.8571;0.41935483;2
1396861920694;24339415;869.74744;591.4693;0.41935483;2
1396861920711;24339432;807.1598;588.55273;0.41935483;2
1396861920728;24339449;777.8933;585.5841;0.41935483;2
1396861920747;24339466;713.27075;576.84344;0.41935483;2
1396861920762;24339482;663.2495;568.72455;0.41935483;2
1396861920781;24339499;634.1896;564.83124;0.41935483;2
1396861920795;24339516;615.99365;562.7158;0.41935483;2
1396861920813;24339533;600.5927;560.5474;0.41935483;2
1396861920830;24339550;588.25256;559.8214;0.41935483;2
1396861920846;24339564;579.8572;559.8214;0.41935483;2
1396861920863;24339583;572.83405;559.8214;0.41935483;2
1396861920882;24339600;565.2931;559.8214;0.41935483;2
1396861920896;24339617;560.72626;560.6336;0.41935483;2
1396861920913;24339634;558.8572;562.9192;0.3548387;2
1396861920923;24339637;558.8572;563.3928;0.32258064;2
1396861920928;24339649;558.8572;563.3928;0.32258064;1
1396861921951;24340675;1776.0;583.9286;0.41935483;0
1396861922070;24340791;1733.3817;583.1666;0.41935483;2
1396861922088;24340808;1652.3334;582.33514;0.41935483;2
1396861922104;24340824;1532.7379;586.20734;0.41935483;2
1396861922121;24340841;1452.9188;591.4014;0.41935483;2
1396861922144;24340864;1309.1575;604.0011;0.41935483;2
1396861922161;24340881;1193.9886;610.5236;0.41935483;2
1396861922180;24340898;1136.8213;612.8098;0.41935483;2
1396861922195;24340915;941.26605;621.51715;0.41935483;2
1396861922211;24340932;813.1416;627.63214;0.41935483;2
1396861922231;24340949;740.949;628.5714;0.41935483;2
1396861922245;24340966;662.0055;628.5714;0.41935483;2
1396861922262;24340983;586.03076;627.6786;0.41935483;2
1396861922279;24340999;520.67633;625.53156;0.41935483;2
1396861922296;24341014;466.2857;623.66064;0.41935483;2
1396861922313;24341033;432.26236;623.2143;0.41935483;2
1396861922332;24341050;376.20013;621.11414;0.41935483;2
1396861922346;24341067;338.3893;619.6428;0.41935483;2
1396861922364;24341084;315.16965;618.75;0.41935483;2
1396861922383;24341101;300.75433;618.75;0.41935483;2
1396861922396;24341117;291.34363;618.75;0.41935483;2
1396861922415;24341134;285.63242;618.75;0.41935483;2
1396861922431;24341151;283.19824;618.75;0.41935483;2
1396861922447;24341168;280.37387;618.75;0.41935483;2
1396861922464;24341185;277.37485;618.75;0.41935483;2
1396861922481;24341201;275.34;618.75;0.41935483;2
1396861922498;24341218;272.9653;618.75;0.41935483;2
1396861922514;24341235;269.3805;618.75;0.41935483;2
1396861922531;24341252;267.56488;618.75;0.41935483;2
1396861922548;24341269;265.4185;617.549;0.41935483;2
1396861922565;24341286;264.3485;616.43445;0.41935483;2
1396861922582;24341302;262.3558;614.35876;0.41935483;2
1396861922593;24341308;260.57144;614.2857;0.38709676;2
1396861922596;24341319;260.57144;614.2857;0.38709676;1
1396861923851;24342574;86.57143;643.75;0.3548387;0
1396861923908;24342628;107.4851;643.75;0.3548387;2
1396861923928;24342645;152.5768;646.53613;0.3548387;2
1396861923941;24342659;192.85715;650.0;0.3548387;2
1396861923953;24342674;212.07133;652.0089;0.3548387;2
1396861923970;24342691;281.11798;659.5216;0.3548387;2
1396861923988;24342708;359.37488;663.9547;0.3548387;2
1396861924004;24342725;451.28668;666.70123;0.3548387;2
1396861924021;24342742;562.0867;667.9931;0.3548387;2
1396861924041;24342759;641.9478;667.3005;0.3548387;2
1396861924055;24342776;743.3405;663.4705;0.3548387;2
1396861924076;24342793;838.869;659.26746;0.3548387;2
1396861924089;24342810;903.29034;658.0357;0.3548387;2
1396861924106;24342826;1051.6447;661.52246;0.3548387;2
1396861924123;24342843;1110.6324;666.7942;0.3548387;2
1396861924139;24342860;1175.9237;671.1532;0.3548387;2
1396861924159;24342877;1244.6483;672.109;0.3548387;2
1396861924173;24342894;1315.3303;666.3093;0.3548387;2
1396861924190;24342911;1385.1934;654.902;0.3548387;2
1396861924207;24342927;1409.5973;649.6964;0.3548387;2
1396861924223;24342944;1472.3661;635.24994;0.3548387;2
1396861924240;24342961;1521.6559;626.20264;0.3548387;2
1396861924257;24342978;1552.897;620.71246;0.3548387;2
1396861924282;24342994;1576.5402;616.2284;0.3548387;2
1396861924291;24343011;1592.007;612.598;0.3548387;2
1396861924308;24343028;1603.2068;610.4;0.3548387;2
1396861924326;24343045;1608.1577;609.1107;0.3548387;2
1396861924341;24343062;1614.1919;608.0357;0.3548387;2
1396861924358;24343079;1619.8087;607.1428;0.3548387;2
1396861924376;24343095;1623.9779;607.1428;0.3548387;2
1396861924392;24343112;1628.1957;607.1428;0.3548387;2
1396861924408;24343129;1632.4777;607.1428;0.3548387;2
1396861924426;24343146;1634.8163;607.1428;0.3548387;2
1396861924442;24343161;1637.5713;607.1428;0.3548387;2
1396861924462;24343183;1639.5724;607.1428;0.3548387;2
1396861924479;24343200;1643.6793;607.1428;0.3548387;2
1396861924496;24343216;1647.7351;607.1428;0.3548387;2
1396861924513;24343233;1653.247;607.1428;0.3548387;2
1396861924533;24343250;1658.9077;606.43085;0.3548387;2
1396861924546;24343267;1665.3956;604.4643;0.3548387;2
1396861924563;24343284;1669.6146;603.67535;0.3548387;2
1396861924581;24343301;1667.8445;602.5976;0.29032257;2
1396861924585;24343311;1667.8445;602.5976;0.29032257;1
1396861926290;24345013;1191.4286;587.5;0.41935483;0
1396861926362;24345082;1172.2935;590.4092;0.41935483;2
1396861926378;24345098;1143.8973;592.4089;0.41935483;2
1396861926391;24345112;1102.469;597.14124;0.41935483;2
1396861926409;24345129;1055.1548;603.0595;0.41935483;2
1396861926427;24345146;1036.5964;604.2046;0.41935483;2
1396861926442;24345163;995.08545;606.0538;0.41935483;2
1396861926460;24345180;950.7283;608.0357;0.41935483;2
1396861926483;24345197;924.2748;608.0357;0.41935483;2
1396861926493;24345214;899.0558;607.06085;0.41935483;2
1396861926510;24345231;875.97754;603.486;0.41935483;2
1396861926527;24345247;857.9913;600.89166;0.41935483;2
1396861926543;24345264;845.77277;598.70264;0.41935483;2
1396861926561;24345281;840.7222;597.65045;0.41935483;2
1396861926577;24345298;833.8958;595.4995;0.41935483;2
1396861926594;24345315;829.7531;594.6428;0.41935483;2
1396861926611;24345332;827.22253;594.6428;0.41935483;2
1396861926626;24345338;826.2857;594.6428;0.38709676;2
1396861926633;24345349;826.2857;594.6428;0.38709676;1
1396861927635;24346358;467.14285;590.1786;0.41935483;0
1396861927707;24346427;488.8141;600.7817;0.41935483;2
1396861927724;24346444;513.91846;606.8399;0.41935483;2
1396861927739;24346459;552.5699;614.7559;0.41935483;2
1396861927753;24346472;601.59326;621.59454;0.41935483;2
1396861927768;24346489;664.452;624.8867;0.41935483;2
1396861927786;24346506;730.84283;624.36957;0.41935483;2
1396861927802;24346523;797.7201;621.0404;0.41935483;2
1396861927819;24346540;865.75287;616.8044;0.41935483;2
1396861927836;24346557;933.52655;612.4646;0.41935483;2
1396861927853;24346574;967.9221;610.0528;0.41935483;2
1396861927870;24346591;1027.2933;607.882;0.41935483;2
1396861927887;24346608;1082.8291;607.1428;0.41935483;2
1396861927904;24346624;1129.2563;607.1428;0.41935483;2
1396861927920;24346641;1154.3875;608.5322;0.41935483;2
1396861927938;24346659;1183.7091;610.85126;0.41935483;2
1396861927954;24346675;1205.427;610.7143;0.41935483;2
1396861927971;24346690;1221.8572;610.7143;0.41935483;2
1396861927988;24346709;1236.2645;608.89795;0.41935483;2
1396861928005;24346725;1257.3768;605.85913;0.41935483;2
1396861928021;24346742;1274.2753;603.72156;0.41935483;2
1396861928041;24346759;1286.2037;601.7857;0.41935483;2
1396861928055;24346776;1295.2051;601.7857;0.41935483;2
1396861928072;24346793;1301.5283;601.7857;0.41935483;2
1396861928091;24346810;1306.3562;601.7857;0.41935483;2
1396861928106;24346826;1308.6727;601.7857;0.41935483;2
1396861928124;24346843;1313.7213;601.7857;0.41935483;2
1396861928140;24346860;1322.9015;601.1332;0.41935483;2
1396861928147;24346862;1324.2858;600.8928;0.38709676;2
1396861928150;24346873;1324.2858;600.8928;0.38709676;1
1396861929170;24347894;1512.0;635.7143;0.41935483;0
1396861929230;24347951;1498.6841;632.1303;0.41935483;2
1396861929247;24347968;1482.2515;626.87305;0.41935483;2
1396861929264;24347984;1443.5953;616.0703;0.41935483;2
1396861929280;24347998;1404.0;608.0357;0.41935483;2
1396861929303;24348023;1350.9244;601.5111;0.41935483;2
1396861929319;24348040;1281.1512;594.92267;0.41935483;2
1396861929336;24348056;1216.2866;589.25696;0.41935483;2
1396861929353;24348073;1151.1016;584.5882;0.41935483;2
1396861929369;24348090;1086.1559;580.2557;0.41935483;2
1396861929386;24348107;1019.0206;575.99335;0.41935483;2
1396861929403;24348124;952.657;571.73175;0.41935483;2
1396861929420;24348140;921.10675;570.064;0.41935483;2
1396861929436;24348157;846.44635;566.14685;0.41935483;2
1396861929456;24348174;783.9369;563.061;0.41935483;2
1396861929470;24348191;732.9349;560.9209;0.41935483;2
1396861929488;24348207;689.25024;560.7143;0.41935483;2
1396861929505;24348224;669.9706;562.97375;0.41935483;2
1396861929521;24348242;644.93835;565.1467;0.41935483;2
1396861929540;24348258;630.7967;566.6373;0.41935483;2
1396861929554;24348275;617.62396;568.35254;0.41935483;2
1396861929571;24348292;601.3639;569.57684;0.41935483;2
1396861929589;24348309;588.1682;571.697;0.4516129;2
1396861929605;24348326;578.356;573.6163;0.4516129;2
1396861929622;24348343;567.3752;575.90393;0.4516129;2
1396861929639;24348359;560.59906;577.9666;0.4516129;2
1396861929655;24348376;556.19006;579.9605;0.4516129;2
1396861929672;24348393;554.6719;581.1454;0.4516129;2
1396861929681;24348395;554.5714;581.25;0.4516129;2
1396861929684;24348407;554.5714;581.25;0.4516129;1
1396861930601;24349326;500.57144;557.1428;0.41935483;0
1396861930680;24349401;518.9796;572.5576;0.41935483;2
1396861930698;24349418;560.69574;589.3934;0.41935483;2
1396861930714;24349432;603.4286;599.5536;0.41935483;2
1396861930731;24349451;639.54034;603.68353;0.41935483;2
1396861930750;24349468;728.83466;606.1322;0.41935483;2
1396861930765;24349485;824.7966;608.7863;0.41935483;2
1396861930781;24349502;903.1555;610.97205;0.41935483;2
1396861930798;24349519;976.999;611.6071;0.41935483;2
1396861930816;24349535;1045.2385;610.51587;0.41935483;2
1396861930831;24349552;1103.9877;607.474;0.41935483;2
1396861930850;24349569;1131.9371;605.529;0.41935483;2
1396861930865;24349586;1183.0234;601.4422;0.41935483;2
1396861930882;24349603;1228.8965;598.69415;0.41935483;2
1396861930899;24349619;1255.6497;597.3214;0.41935483;2
1396861930915;24349636;1277.6797;595.35535;0.41935483;2
1396861930932;24349653;1295.1969;593.2942;0.41935483;2
1396861930952;24349670;1306.7998;591.9643;0.41935483;2
1396861930966;24349687;1315.1432;591.9643;0.41935483;2
1396861930983;24349704;1317.8832;591.9643;0.41935483;2
1396861931002;24349721;1323.3765;591.9643;0.41935483;2
1396861931017;24349737;1325.1428;590.625;0.38709676;2
1396861931020;24349746;1325.1428;590.625;0.38709676;1
1396861931952;24350676;148.28572;596.4286;0.41935483;0
1396861932026;24350746;175.97539;599.52124;0.41935483;2
1396861932042;24350763;208.2331;605.6025;0.41935483;2
1396861932058;24350778;266.27673;615.1347;0.41935483;2
1396861932071;24350791;353.5911;624.1263;0.41935483;2
1396861932090;24350809;438.954;629.4643;0.41935483;2
1396861932105;24350826;579.9338;627.9878;0.41935483;2
1396861932122;24350843;687.7512;625.687;0.41935483;2
1396861932139;24350860;820.2852;626.4473;0.41935483;2
1396861932156;24350876;946.0692;627.69824;0.41935483;2
1396861932176;24350893;986.12775;628.773;0.41935483;2
1396861932189;24350910;1132.1392;632.3698;0.41935483;2
1396861932206;24350927;1255.9685;634.9451;0.41935483;2
1396861932223;24350944;1327.2308;636.2101;0.41935483;2
1396861932240;24350961;1400.5101;636.6071;0.41935483;2
1396861932257;24350977;1468.7911;636.2733;0.41935483;2
1396861932274;24350994;1529.5784;634.04407;0.41935483;2
1396861932291;24351005;1563.4285;632.58923;0.41935483;2
1396861932307;24351028;1589.3501;629.4914;0.41935483;2
1396861932324;24351045;1634.9071;623.751;0.41935483;2
1396861932341;24351062;1668.9292;620.3806;0.41935483;2
1396861932358;24351078;1684.4437;618.75;0.41935483;2
1396861932374;24351095;1693.984;618.75;0.41935483;2
1396861932391;24351112;1701.1366;617.8571;0.41935483;2
1396861932408;24351129;1705.9142;617.3066;0.41935483;2
1396861932425;24351146;1708.147;616.14374;0.41935483;2
1396861932442;24351163;1709.1428;612.7635;0.38709676;2
1396861932447;24351173;1709.1428;612.7635;0.38709676;1
1396861933356;24352077;172.28572;574.1071;0.41935483;0
1396861933421;24352141;204.11174;583.5112;0.41935483;2
1396861933437;24352158;259.7658;596.40546;0.41935483;2
1396861933454;24352174;318.9778;605.3739;0.41935483;2
1396861933470;24352191;385.94888;610.2617;0.41935483;2
1396861933489;24352208;458.85602;611.6071;0.41935483;2
1396861933504;24352225;498.4552;611.6071;0.41935483;2
1396861933521;24352242;661.50116;605.16754;0.41935483;2
1396861933540;24352258;807.936;595.8506;0.41935483;2
1396861933555;24352275;895.05505;589.2566;0.41935483;2
1396861933571;24352292;1030.4438;576.93304;0.41935483;2
1396861933590;24352309;1101.3634;571.28357;0.41935483;2
1396861933605;24352326;1180.2076;568.75;0.41935483;2
1396861933622;24352339;1243.7144;568.75;0.41935483;2
1396861933638;24352359;1297.7859;570.7308;0.41935483;2
1396861933655;24352376;1411.1101;576.9706;0.41935483;2
1396861933672;24352393;1463.6145;580.4725;0.41935483;2
1396861933691;24352410;1506.6252;582.6737;0.41935483;2
1396861933706;24352426;1528.7717;583.0357;0.41935483;2
1396861933722;24352443;1546.2435;583.0357;0.41935483;2
1396861933739;24352460;1563.141;583.0357;0.41935483;2
1396861933756;24352477;1568.9116;583.0357;0.41935483;2
1396861933773;24352494;1582.0736;581.5844;0.41935483;2
1396861933790;24352511;1594.6604;579.39923;0.41935483;2
1396861933807;24352527;1607.2178;577.12726;0.41935483;2
1396861933823;24352544;1616.7682;575.84155;0.41935483;2
1396861933840;24352561;1625.4604;575.8928;0.41935483;2
1396861933857;24352578;1634.1365;575.8928;0.41935483;2
1396861933877;24352595;1640.0249;575.8928;0.41935483;2
1396861933891;24352611;1648.9047;575.8928;0.41935483;2
1396861933908;24352628;1668.7087;577.6657;0.41935483;2
1396861933925;24352645;1682.5483;579.7579;0.41935483;2
1396861933941;24352662;1694.0112;581.8476;0.41935483;2
1396861933958;24352679;1702.4412;583.96906;0.41935483;2
1396861933977;24352696;1707.7585;584.8214;0.41935483;2
1396861933986;24352699;1708.2858;584.8214;0.38709676;2
1396861933989;24352712;1708.2858;584.8214;0.38709676;1
1396861934785;24353510;197.14285;577.6786;0.41935483;0
1396861934866;24353587;220.83305;592.1397;0.41935483;2
1396861934882;24353603;271.80887;603.3079;0.41935483;2
1396861934896;24353617;325.25165;609.86255;0.41935483;2
1396861934913;24353634;391.52094;614.8417;0.41935483;2
1396861934933;24353651;469.34927;617.1891;0.41935483;2
1396861934947;24353668;592.9054;617.29285;0.41935483;2
1396861934964;24353685;695.06024;615.9797;0.41935483;2
1396861934983;24353701;752.1589;614.1491;0.41935483;2
1396861934998;24353718;944.5053;603.0403;0.41935483;2
1396861935014;24353735;1020.76843;598.84216;0.41935483;2
1396861935032;24353752;1094.6482;598.2143;0.41935483;2
1396861935048;24353769;1172.6587;599.039;0.41935483;2
1396861935065;24353786;1245.4856;602.2993;0.41935483;2
1396861935084;24353802;1315.1931;606.6067;0.41935483;2
1396861935101;24353815;1360.7144;609.8215;0.41935483;2
1396861935115;24353836;1399.274;612.9455;0.41935483;2
1396861935133;24353853;1453.358;615.1786;0.41935483;2
1396861935149;24353870;1487.1122;616.0714;0.41935483;2
1396861935166;24353886;1504.9541;616.0714;0.41935483;2
1396861935183;24353903;1518.7448;616.0714;0.41935483;2
1396861935199;24353920;1531.1804;616.0714;0.41935483;2
1396861935216;24353937;1542.0359;615.1786;0.41935483;2
1396861935233;24353954;1547.9717;614.29065;0.41935483;2
1396861935250;24353971;1562.742;612.5;0.41935483;2
1396861935267;24353987;1578.8103;612.5;0.41935483;2
1396861935284;24354004;1593.5533;612.7128;0.41935483;2
1396861935300;24354021;1612.5577;614.9125;0.41935483;2
1396861935317;24354038;1633.2303;616.9967;0.41935483;2
1396861935335;24354055;1652.0596;619.05237;0.41935483;2
1396861935351;24354070;1674.8572;619.6428;0.41935483;2
1396861935368;24354088;1685.6045;619.6428;0.41935483;2
1396861935386;24354105;1702.0355;618.4958;0.41935483;2
1396861935404;24354125;1713.3994;616.9643;0.41935483;2
1396861935421;24354142;1718.2859;615.77374;0.41935483;2
1396861935438;24354158;1722.3131;614.2857;0.41935483;2
1396861935454;24354175;1726.8932;612.2891;0.3548387;2
1396861935460;24354186;1726.8932;612.2891;0.3548387;1
1396861936243;24354968;138.0;586.6071;0.41935483;0
1396861936309;24355028;163.71362;595.7141;0.41935483;2
1396861936324;24355045;216.04417;606.3962;0.41935483;2
1396861936341;24355062;242.1196;609.8959;0.41935483;2
1396861936359;24355078;332.2248;613.1672;0.41935483;2
1396861936374;24355094;424.3745;612.37683;0.41935483;2
1396861936390;24355111;528.62616;609.8455;0.41935483;2
1396861936407;24355128;643.64874;606.3765;0.41935483;2
1396861936424;24355144;759.9383;601.5048;0.41935483;2
1396861936440;24355161;910.54266;596.88043;0.41935483;2
1396861936457;24355175;973.7143;596.4286;0.41935483;2
1396861936476;24355195;1040.8798;596.4286;0.41935483;2
1396861936491;24355211;1197.703;605.3376;0.41935483;2
1396861936507;24355228;1273.2474;612.8085;0.41935483;2
1396861936527;24355245;1339.3503;621.38116;0.41935483;2
1396861936541;24355262;1403.5205;628.5519;0.41935483;2
1396861936559;24355279;1462.3931;632.2131;0.41935483;2
1396861936580;24355296;1511.9541;634.8214;0.41935483;2
1396861936591;24355312;1532.3496;634.8214;0.41935483;2
1396861936609;24355329;1560.3539;633.0127;0.41935483;2
1396861936629;24355346;1601.3945;628.27655;0.41935483;2
1396861936642;24355363;1624.1388;626.20746;0.41935483;2
1396861936661;24355380;1640.5032;624.11597;0.41935483;2
1396861936676;24355396;1652.5823;622.0219;0.41935483;2
1396861936692;24355413;1664.0476;620.5357;0.41935483;2
1396861936709;24355430;1673.193;619.62976;0.41935483;2
1396861936727;24355447;1676.8961;619.6428;0.41935483;2
1396861936743;24355464;1684.815;619.6428;0.41935483;2
1396861936760;24355481;1690.8184;619.6428;0.41935483;2
1396861936777;24355497;1694.9282;619.6428;0.41935483;2
1396861936800;24355520;1699.7144;619.0241;0.41935483;2
1396861936811;24355525;1699.7144;617.8571;0.38709676;2
1396861936813;24355537;1699.7144;617.8571;0.38709676;1
1396861937914;24356637;1387.7144;629.4643;0.41935483;0
1396861937999;24356715;1363.7144;631.6964;0.41935483;2
1396861938010;24356730;1348.0216;634.0746;0.41935483;2
1396861938020;24356741;1308.1049;638.9671;0.41935483;2
1396861938038;24356759;1235.8385;647.77435;0.41935483;2
1396861938055;24356776;1160.0608;655.91296;0.41935483;2
1396861938072;24356792;1090.3477;660.2378;0.41935483;2
1396861938088;24356809;1022.7488;663.57104;0.41935483;2
1396861938105;24356825;960.4207;665.99725;0.41935483;2
1396861938122;24356842;899.29913;666.0714;0.41935483;2
1396861938138;24356859;870.3236;665.637;0.41935483;2
1396861938155;24356875;802.84827;660.04376;0.41935483;2
1396861938172;24356892;743.4085;652.5151;0.41935483;2
1396861938189;24356909;693.5358;643.22595;0.41935483;2
1396861938205;24356926;649.44806;633.18225;0.41935483;2
1396861938222;24356943;619.96686;627.0169;0.41935483;2
1396861938239;24356959;604.3696;623.4819;0.41935483;2
1396861938256;24356972;596.1428;621.875;0.41935483;2
1396861938272;24356993;588.7648;620.3379;0.41935483;2
1396861938289;24357010;578.7293;618.12146;0.41935483;2
1396861938306;24357027;572.40826;617.8571;0.41935483;2
1396861938323;24357044;568.41724;617.8571;0.41935483;2
1396861938340;24357060;565.884;617.8571;0.41935483;2
1396861938358;24357077;563.85144;617.8571;0.41935483;2
1396861938374;24357094;562.81714;619.0893;0.38709676;2
1396861938384;24357110;562.81714;619.0893;0.38709676;1
1396861939578;24358300;1458.0;616.0714;0.41935483;0
1396861939623;24358344;1447.4646;613.32776;0.41935483;2
1396861939640;24358360;1410.4625;604.70374;0.41935483;2
1396861939657;24358377;1348.0487;592.21246;0.41935483;2
1396861939676;24358394;1275.7861;585.123;0.41935483;2
1396861939690;24358411;1184.0017;584.59283;0.41935483;2
1396861939707;24358428;1081.9012;587.6407;0.41935483;2
1396861939727;24358445;1009.10944;591.8294;0.41935483;2
1396861939743;24358461;940.7143;595.53564;0.41935483;2
1396861939758;24358479;894.92145;595.5357;0.41935483;2
1396861939777;24358496;773.51373;589.6236;0.41935483;2
1396861939792;24358513;722.05475;586.86676;0.41935483;2
1396861939809;24358529;689.34576;583.94617;0.41935483;2
1396861939828;24358546;667.2539;579.94525;0.41935483;2
1396861939844;24358563;649.90656;575.94293;0.41935483;2
1396861939859;24358580;634.7517;573.4112;0.41935483;2
1396861939878;24358592;627.0;573.2143;0.41935483;2
1396861939889;24358604;625.7143;574.1071;0.3548387;2
1396861939891;24358615;625.7143;574.1071;0.3548387;1
1396861940865;24359588;125.14286;630.3571;0.41935483;0
1396861940900;24359621;143.64806;632.1095;0.41935483;2
1396861940917;24359638;160.46317;633.0956;0.41935483;2
1396861940937;24359655;245.3739;638.50775;0.41935483;2
1396861940950;24359671;329.71658;644.9407;0.41935483;2
1396861940967;24359687;397.31558;650.2995;0.41935483;2
1396861940983;24359704;468.8692;657.48724;0.41935483;2
1396861941001;24359721;558.5485;663.54297;0.41935483;2
1396861941017;24359738;692.97577;667.0458;0.41935483;2
1396861941034;24359755;794.1907;669.0559;0.41935483;2
1396861941051;24359771;896.12213;669.6428;0.41935483;2
1396861941067;24359788;1056.9149;668.77515;0.41935483;2
1396861941085;24359805;1162.4645;665.43396;0.41935483;2
1396861941101;24359822;1241.1439;660.31244;0.41935483;2
1396861941119;24359839;1340.0719;652.42413;0.41935483;2
1396861941136;24359856;1400.2151;649.6254;0.41935483;2
1396861941154;24359872;1462.7288;645.4988;0.41935483;2
1396861941170;24359889;1495.5792;642.06464;0.41935483;2
1396861941186;24359906;1526.9456;636.7329;0.41935483;2
1396861941203;24359923;1567.1573;624.59814;0.41935483;2
1396861941221;24359940;1586.3259;617.2014;0.41935483;2
1396861941237;24359957;1598.1769;612.4858;0.41935483;2
1396861941253;24359973;1606.3518;609.1346;0.41935483;2
1396861941269;24359990;1612.6179;607.02747;0.41935483;2
1396861941287;24360007;1616.1703;605.1196;0.41935483;2
1396861941303;24360024;1618.7513;603.7753;0.41935483;2
1396861941320;24360041;1623.027;601.9252;0.41935483;2
1396861941335;24360049;1625.1428;600.0;0.38709676;2
1396861941338;24360061;1625.1428;600.0;0.38709676;1
1396861942186;24360909;714.8572;610.7143;0.41935483;0
1396861942261;24360982;737.5721;611.40424;0.41935483;2
1396861942279;24360995;760.28577;612.9464;0.41935483;2
1396861942295;24361014;798.57214;618.14294;0.41935483;2
1396861942307;24361028;844.1416;619.5418;0.41935483;2
1396861942327;24361045;900.5605;620.2385;0.41935483;2
1396861942341;24361062;952.3644;617.5292;0.41935483;2
1396861942358;24361079;1000.34174;613.3101;0.41935483;2
1396861942377;24361096;1034.0831;612.05835;0.41935483;2
1396861942392;24361113;1056.1617;612.4094;0.41935483;2
1396861942410;24361124;1064.5714;613.83923;0.41935483;2
1396861942421;24361135;1065.4286;614.2857;0.38709676;2
1396861942423;24361147;1065.4286;614.2857;0.38709676;1
1396861943088;24361812;731.1429;616.0714;0.41935483;0
1396861943153;24361870;765.0;616.0714;0.41935483;2
1396861943170;24361890;816.66516;620.3891;0.41935483;2
1396861943186;24361906;905.1059;628.3244;0.41935483;2
1396861943202;24361923;967.4846;634.7043;0.41935483;2
1396861943222;24361940;1021.18115;637.5;0.41935483;2
1396861943236;24361957;1062.0791;635.52747;0.41935483;2
1396861943253;24361974;1091.8678;630.97534;0.41935483;2
1396861943266;24361980;1100.5714;628.5714;0.41935483;2
1396861943269;24361992;1100.5714;628.5714;0.41935483;1
1396861944098;24362821;462.85715;553.5714;0.41935483;0
1396861944145;24362865;482.71423;556.51965;0.41935483;2
1396861944161;24362882;527.1276;574.9543;0.41935483;2
1396861944180;24362898;579.8989;597.6782;0.41935483;2
1396861944194;24362915;632.9405;612.2992;0.41935483;2
1396861944211;24362931;693.6101;617.8632;0.41935483;2
1396861944228;24362948;765.5977;615.8012;0.41935483;2
1396861944245;24362965;809.07745;612.1059;0.41935483;2
1396861944262;24362982;892.77264;604.4245;0.41935483;2
1396861944278;24362999;1032.7303;590.90875;0.41935483;2
1396861944295;24363016;1085.4895;584.50507;0.41935483;2
1396861944316;24363032;1135.7622;577.2238;0.41935483;2
1396861944329;24363049;1176.9148;569.1814;0.41935483;2
1396861944346;24363066;1201.2327;562.63684;0.41935483;2
1396861944364;24363083;1217.72;558.3319;0.41935483;2
1396861944382;24363100;1223.3375;556.18243;0.41935483;2
1396861944396;24363117;1235.0922;550.02637;0.38709676;2
1396861944403;24363117;1235.1428;550.0;0.3548387;2
1396861944405;24363128;1235.1428;550.0;0.3548387;1
1396861945239;24363962;160.28572;603.5714;0.41935483;0
1396861945320;24364041;208.0204;600.2654;0.41935483;2
1396861945337;24364052;249.0;598.66064;0.41935483;2
1396861945350;24364071;294.0625;597.2932;0.41935483;2
1396861945367;24364088;454.44464;593.14343;0.41935483;2
1396861945384;24364105;537.638;590.22095;0.41935483;2
1396861945401;24364122;658.43036;586.7052;0.41935483;2
1396861945418;24364139;790.32227;582.3458;0.41935483;2
1396861945435;24364156;896.57025;579.1809;0.41935483;2
1396861945452;24364173;1040.3416;572.1929;0.41935483;2
1396861945468;24364189;1079.2273;570.63245;0.41935483;2
1396861945485;24364206;1168.5287;568.6296;0.41935483;2
1396861945502;24364223;1326.0095;572.4214;0.41935483;2
1396861945519;24364240;1385.2826;577.60126;0.41935483;2
1396861945536;24364257;1445.8359;581.9155;0.41935483;2
1396861945553;24364274;1504.1312;584.67786;0.41935483;2
1396861945570;24364290;1555.1045;585.4469;0.41935483;2
1396861945586;24364307;1580.8956;583.67725;0.41935483;2
1396861945603;24364324;1594.5651;582.2181;0.41935483;2
1396861945621;24364341;1606.6377;582.1428;0.41935483;2
1396861945637;24364358;1612.7605;582.1428;0.41935483;2
1396861945654;24364374;1618.9651;581.3117;0.41935483;2
1396861945662;24364375;1619.1428;581.25;0.38709676;2
1396861945664;24364387;1619.1428;581.25;0.38709676;1
1396861946738;24365461;1420.2858;605.3571;0.41935483;0
1396861946828;24365547;1346.3885;605.03424;0.41935483;2
1396861946846;24365564;1275.5225;611.4971;0.41935483;2
1396861946860;24365581;1198.9114;620.79553;0.41935483;2
1396861946878;24365598;1135.3785;628.6103;0.41935483;2
1396861946894;24365615;1054.651;636.4853;0.41935483;2
1396861946911;24365631;934.1681;641.96735;0.41935483;2
1396861946936;24365655;850.7116;640.7977;0.41935483;2
1396861946951;24365672;785.73157;636.29205;0.41935483;2
1396861946968;24365688;726.38336;628.9036;0.41935483;2
1396861946984;24365705;673.54956;619.0728;0.41935483;2
1396861947001;24365719;633.8572;608.9285;0.41935483;2
1396861947020;24365739;614.4053;603.7647;0.41935483;2
1396861947035;24365756;584.2627;590.94275;0.41935483;2
1396861947051;24365772;572.0666;585.0049;0.41935483;2
1396861947069;24365789;566.32855;582.7827;0.41935483;2
1396861947085;24365804;564.4286;582.1428;0.4516129;2
1396861947088;24365814;564.4286;582.1428;0.4516129;1
1396861947886;24366611;1431.4286;634.8214;0.41935483;0
1396861947959;24366680;1390.6161;634.4506;0.41935483;2
1396861947978;24366695;1332.8572;626.7857;0.41935483;2
1396861947994;24366714;1285.8362;624.20776;0.41935483;2
1396861948010;24366730;1138.6301;616.12585;0.41935483;2
1396861948027;24366747;1059.4493;612.8086;0.41935483;2
1396861948043;24366764;996.8427;610.6562;0.41935483;2
1396861948062;24366780;935.84717;606.3584;0.41935483;2
1396861948077;24366797;875.52234;602.06903;0.41935483;2
1396861948094;24366814;820.5498;597.4674;0.41935483;2
1396861948110;24366831;791.21136;593.5652;0.41935483;2
1396861948127;24366848;747.9184;585.7426;0.41935483;2
1396861948144;24366864;698.4196;576.29236;0.41935483;2
1396861948160;24366881;662.2131;571.83765;0.41935483;2
1396861948182;24366899;647.69073;571.49304;0.41935483;2
1396861948195;24366914;638.5714;573.66077;0.38709676;2
1396861948198;24366922;638.5714;573.66077;0.38709676;1
1396861948901;24367626;1712.5714;582.1428;0.41935483;0
1396861948952;24367672;1723.8678;588.02637;0.41935483;2
1396861948968;24367689;1726.2155;590.10535;0.41935483;2
1396861948986;24367706;1726.2858;591.1155;0.41935483;2
1396861949001;24367722;1708.6946;590.62427;0.41935483;2
1396861949018;24367739;1641.2131;587.4932;0.41935483;2
1396861949035;24367756;1555.1658;585.7143;0.41935483;2
1396861949052;24367773;1445.6025;586.4949;0.41935483;2
1396861949070;24367790;1357.7023;590.611;0.41935483;2
1396861949086;24367806;1200.7218;597.6578;0.41935483;2
1396861949102;24367820;1129.2858;600.4464;0.41935483;2
1396861949119;24367840;1037.9801;601.9859;0.41935483;2
1396861949136;24367857;801.0102;602.2731;0.41935483;2
1396861949153;24367874;671.4285;603.5714;0.41935483;2
1396861949172;24367891;507.13245;599.7201;0.41935483;2
1396861949187;24367907;435.23785;596.13617;0.41935483;2
1396861949204;24367924;353.54276;590.6109;0.41935483;2
1396861949221;24367941;286.39813;583.05133;0.41935483;2
1396861949237;24367958;254.57497;578.2286;0.41935483;2
1396861949254;24367975;212.25418;574.1316;0.41935483;2
1396861949271;24367991;178.73419;578.6424;0.41935483;2
1396861949280;24367994;174.0;579.4643;0.38709676;2
1396861949282;24368006;174.0;579.4643;0.38709676;1
1396861950985;24369708;728.5714;617.8571;0.41935483;0
1396861951037;24369757;740.0435;617.8571;0.41935483;2
1396861951053;24369774;759.4862;619.256;0.41935483;2
1396861951070;24369788;797.5715;622.3215;0.41935483;2
1396861951086;24369806;825.94086;624.9478;0.41935483;2
1396861951102;24369823;884.7076;626.7857;0.41935483;2
1396861951119;24369840;935.9551;624.48303;0.41935483;2
1396861951137;24369857;971.7401;619.08716;0.41935483;2
1396861951153;24369874;999.21155;610.98987;0.41935483;2
1396861951170;24369891;1024.0902;602.44885;0.41935483;2
1396861951189;24369907;1047.4971;593.9167;0.41935483;2
1396861951203;24369924;1055.7412;590.28644;0.38709676;2
1396861951211;24369925;1056.0;590.1786;0.3548387;2
1396861951213;24369936;1056.0;590.1786;0.3548387;1
1396861952043;24370768;1270.2858;625.8928;0.41935483;0
1396861952078;24370798;1254.1343;627.6786;0.41935483;2
1396861952096;24370815;1229.2849;626.2223;0.41935483;2
1396861952111;24370832;1193.4982;622.48615;0.41935483;2
1396861952128;24370848;1149.7288;616.24365;0.41935483;2
1396861952145;24370865;1111.3927;610.45667;0.41935483;2
1396861952161;24370878;1089.4286;605.8035;0.41935483;2
1396861952179;24370899;1053.1676;599.1661;0.41935483;2
1396861952195;24370916;1002.83704;591.0684;0.41935483;2
1396861952212;24370932;976.0703;586.5697;0.41935483;2
1396861952230;24370949;956.0054;582.35706;0.41935483;2
1396861952245;24370966;944.0302;579.66797;0.41935483;2
1396861952262;24370983;923.0094;573.1679;0.38709676;2
1396861952279;24370999;907.85333;570.5357;0.29032257;2
1396861952294;24371019;907.85333;570.5357;0.29032257;1
1396861953168;24371892;697.7143;594.6428;0.41935483;0
1396861953233;24371954;722.97705;592.8571;0.41935483;2
1396861953249;24371970;764.1428;592.8571;0.41935483;2
1396861953268;24371987;787.5684;593.4716;0.41935483;2
1396861953287;24372008;856.7881;593.75;0.41935483;2
1396861953304;24372025;908.50323;594.6428;0.41935483;2
1396861953321;24372042;956.1765;595.5357;0.41935483;2
1396861953340;24372058;993.82074;595.62866;0.41935483;2
1396861953355;24372075;1022.71533;596.8857;0.41935483;2
1396861953372;24372092;1050.9299;597.3214;0.41935483;2
1396861953388;24372109;1062.4758;597.3214;0.41935483;2
1396861953405;24372126;1076.391;596.8233;0.41935483;2
1396861953420;24372135;1080.8572;595.5357;0.38709676;2
1396861953423;24372146;1080.8572;595.5357;0.38709676;1
1396861954191;24372916;1224.0;604.4643;0.41935483;0
1396861954275;24372995;1201.2771;605.35596;0.41935483;2
1396861954291;24373012;1139.0865;596.12115;0.41935483;2
1396861954307;24373028;1079.0126;585.9804;0.41935483;2
1396861954327;24373045;1017.0841;576.9641;0.41935483;2
1396861954340;24373061;958.2067;568.5225;0.41935483;2
1396861954357;24373078;911.8353;561.8377;0.41935483;2
1396861954376;24373095;886.31067;559.60034;0.41935483;2
1396861954393;24373112;876.4545;558.9286;0.41935483;2
1396861954407;24373128;862.3632;560.0244;0.3548387;2
1396861954413;24373139;862.3632;560.0244;0.3548387;1
1396861955145;24373869;1215.4286;621.4286;0.41935483;0
1396861955221;24373937;1225.1482;621.4286;0.41935483;2
1396861955237;24373958;1223.1053;621.4286;0.41935483;2
1396861955256;24373975;1221.669;620.2144;0.41935483;2
1396861955271;24373991;1205.1349;614.99774;0.41935483;2
1396861955289;24374008;1156.0435;605.6382;0.41935483;2
1396861955305;24374025;1104.661;599.87646;0.41935483;2
1396861955321;24374042;1056.4888;595.57996;0.41935483;2
1396861955338;24374059;1016.01733;591.6186;0.41935483;2
1396861955355;24374075;990.9802;588.82465;0.41935483;2
1396861955372;24374088;971.5715;585.71423;0.41935483;2
1396861955389;24374109;952.75275;582.42377;0.41935483;2
1396861955406;24374126;926.8079;579.708;0.41935483;2
1396861955422;24374142;905.9682;580.3571;0.38709676;2
1396861955432;24374146;901.7143;580.3571;0.3548387;2
1396861955434;24374158;901.7143;580.3571;0.3548387;1
1396861956198;24374923;1196.5714;607.1428;0.41935483;0
1396861956276;24374995;1179.8564;600.2231;0.41935483;2
1396861956291;24375012;1157.2625;598.1631;0.41935483;2
1396861956308;24375028;1109.2777;593.91046;0.41935483;2
1396861956334;24375050;1070.6427;590.7887;0.41935483;2
1396861956347;24375067;1008.7038;585.4972;0.41935483;2
1396861956363;24375084;954.2855;577.1547;0.41935483;2
1396861956384;24375100;909.3632;567.3937;0.41935483;2
1396861956396;24375117;883.06696;560.36804;0.41935483;2
1396861956416;24375134;862.2432;554.1519;0.41935483;2
1396861956430;24375151;851.7324;551.7857;0.41935483;2
1396861956447;24375156;848.5714;551.7857;0.38709676;2
1396861956451;24375174;848.5714;551.7857;0.38709676;1
1396861957181;24375906;1229.1428;582.1428;0.41935483;0
1396861957272;24375992;1191.442;585.7483;0.41935483;2
1396861957288;24376009;1138.9065;590.3349;0.41935483;2
1396861957305;24376026;1116.9359;591.1753;0.41935483;2
1396861957322;24376043;1044.0317;590.46844;0.41935483;2
1396861957339;24376060;978.36163;587.34656;0.41935483;2
1396861957356;24376077;927.4602;583.1199;0.41935483;2
1396861957373;24376093;894.155;579.6413;0.41935483;2
1396861957390;24376110;880.96783;577.46356;0.41935483;2
1396861957406;24376127;871.16565;575.3035;0.41935483;2
1396861957423;24376140;864.8571;573.66064;0.41935483;2
1396861957437;24376152;860.5714;572.3214;0.38709676;2
1396861957439;24376162;860.5714;572.3214;0.38709676;1
1396861958257;24376982;1780.2858;596.4286;0.41935483;0
1396861958348;24377067;1720.5424;610.0112;0.41935483;2
1396861958363;24377084;1652.3534;615.61206;0.41935483;2
1396861958381;24377101;1570.5593;616.6381;0.41935483;2
1396861958399;24377118;1500.7235;613.21313;0.41935483;2
1396861958414;24377135;1398.7272;608.6117;0.41935483;2
1396861958435;24377151;1200.715;601.5088;0.41935483;2
1396861958448;24377168;1106.8223;600.0;0.41935483;2
1396861958464;24377185;1008.0368;599.1683;0.41935483;2
1396861958484;24377202;891.27655;598.2143;0.41935483;2
1396861958500;24377219;813.9991;597.3214;0.41935483;2
1396861958515;24377236;678.6576;594.0231;0.41935483;2
1396861958532;24377252;637.7343;592.95905;0.41935483;2
1396861958549;24377269;543.1155;585.6167;0.41935483;2
1396861958565;24377286;449.68414;574.3096;0.41935483;2
1396861958582;24377303;399.8478;568.8656;0.41935483;2
1396861958599;24377320;358.05118;567.8571;0.41935483;2
1396861958616;24377337;335.95514;570.24585;0.41935483;2
1396861958632;24377353;315.92084;572.81537;0.41935483;2
1396861958649;24377370;303.6097;574.7837;0.41935483;2
1396861958666;24377387;300.1149;575.8529;0.41935483;2
1396861958676;24377388;300.0;575.8928;0.41935483;2
1396861958681;24377402;300.0;575.8928;0.41935483;1
1396861959683;24378405;468.0;619.6428;0.41935483;0
1396861959769;24378490;488.6189;618.54285;0.41935483;2
1396861959785;24378506;541.74677;621.6223;0.41935483;2
1396861959804;24378523;598.22046;625.3802;0.41935483;2
1396861959826;24378545;678.9612;625.4296;0.41935483;2
1396861959842;24378563;719.4062;624.2013;0.41935483;2
1396861959858;24378579;796.8352;619.5513;0.41935483;2
1396861959880;24378596;932.6926;609.5557;0.41935483;2
1396861959892;24378613;986.0585;605.58374;0.41935483;2
1396861959909;24378629;1039.2837;602.5585;0.41935483;2
1396861959927;24378646;1089.1418;601.7857;0.41935483;2
1396861959942;24378663;1138.1724;600.08276;0.41935483;2
1396861959959;24378680;1186.68;598.8175;0.41935483;2
1396861959977;24378696;1204.1211;597.8686;0.41935483;2
1396861959993;24378714;1257.2775;593.69116;0.41935483;2
1396861960010;24378731;1295.8552;588.89355;0.41935483;2
1396861960029;24378748;1312.3232;586.7494;0.41935483;2
1396861960045;24378765;1324.4205;584.6492;0.41935483;2
1396861960061;24378782;1336.4973;583.0357;0.41935483;2
1396861960078;24378798;1346.685;583.0357;0.41935483;2
1396861960097;24378815;1353.7045;583.0357;0.41935483;2
1396861960111;24378832;1364.121;582.3374;0.41935483;2
1396861960119;24378833;1365.4286;582.1428;0.38709676;2
1396861960122;24378845;1365.4286;582.1428;0.38709676;1
1396861960983;24379706;139.7143;560.7143;0.41935483;0
1396861961047;24379767;144.7049;571.51196;0.41935483;2
1396861961063;24379783;159.05173;578.23584;0.41935483;2
1396861961082;24379799;172.83405;582.991;0.41935483;2
1396861961104;24379823;264.80356;598.9025;0.41935483;2
1396861961119;24379840;342.25812;605.58887;0.41935483;2
1396861961140;24379857;420.1289;609.74084;0.41935483;2
1396861961154;24379874;529.396;613.6612;0.41935483;2
1396861961170;24379891;619.4445;615.1786;0.41935483;2
1396861961190;24379908;731.6049;612.31335;0.41935483;2
1396861961205;24379924;794.8509;609.5089;0.41935483;2
1396861961221;24379941;887.3439;603.0813;0.41935483;2
1396861961238;24379958;1054.1466;591.72797;0.41935483;2
1396861961254;24379975;1122.9364;587.2657;0.41935483;2
1396861961272;24379992;1201.3666;582.9627;0.41935483;2
1396861961290;24380008;1288.4539;574.79425;0.41935483;2
1396861961305;24380025;1369.1324;567.3224;0.41935483;2
1396861961322;24380042;1436.7677;560.72327;0.41935483;2
1396861961338;24380059;1466.9753;558.8985;0.41935483;2
1396861961355;24380076;1526.1906;558.0357;0.41935483;2
1396861961372;24380092;1570.6285;558.0357;0.41935483;2
1396861961389;24380109;1595.4617;558.6794;0.41935483;2
1396861961406;24380126;1620.6554;559.8783;0.41935483;2
1396861961422;24380143;1638.1711;561.0714;0.41935483;2
1396861961439;24380160;1651.197;562.5;0.41935483;2
1396861961456;24380172;1660.2859;562.5;0.41935483;2
1396861961473;24380194;1666.5496;563.3928;0.41935483;2
1396861961490;24380210;1672.5715;563.98816;0.41935483;2
1396861961506;24380227;1672.8843;567.5029;0.38709676;2
1396861961511;24380237;1672.8843;567.5029;0.38709676;1
1396861962301;24381025;414.85715;617.8571;0.41935483;0
1396861962344;24381065;443.22748;613.62506;0.41935483;2
1396861962361;24381082;482.35684;616.276;0.41935483;2
1396861962380;24381098;528.7095;625.74915;0.41935483;2
1396861962395;24381115;581.644;635.8633;0.41935483;2
1396861962411;24381132;640.3842;643.5377;0.41935483;2
1396861962429;24381141;672.8572;646.875;0.41935483;2
1396861962446;24381166;747.8229;648.2143;0.41935483;2
1396861962464;24381185;897.3282;646.4286;0.41935483;2
1396861962481;24381202;952.9292;645.63934;0.41935483;2
1396861962498;24381219;1010.46545;643.4895;0.41935483;2
1396861962515;24381236;1064.63;641.3781;0.41935483;2
1396861962534;24381252;1112.1709;639.3775;0.41935483;2
1396861962548;24381269;1159.9327;638.3928;0.41935483;2
1396861962567;24381286;1181.4193;636.1683;0.41935483;2
1396861962584;24381303;1226.2405;631.49585;0.41935483;2
1396861962599;24381320;1267.4718;624.11334;0.41935483;2
1396861962616;24381336;1287.3754;620.32635;0.41935483;2
1396861962633;24381353;1299.7913;617.943;0.41935483;2
1396861962650;24381370;1310.7264;615.42236;0.41935483;2
1396861962667;24381387;1320.6885;611.2486;0.41935483;2
1396861962683;24381399;1326.857;608.03577;0.41935483;2
1396861962700;24381420;1328.5714;603.125;0.38709676;2
1396861962704;24381429;1328.5714;603.125;0.38709676;1
1396861963765;24382487;1830.8572;611.6071;0.41935483;0
1396861963818;24382537;1809.1919;623.66736;0.41935483;2
1396861963832;24382553;1766.4111;632.2753;0.41935483;2
1396861963849;24382570;1711.6403;633.9286;0.41935483;2
1396861963876;24382597;1626.5269;624.18555;0.41935483;2
1396861963893;24382614;1466.1176;603.91534;0.41935483;2
1396861963910;24382631;1394.3969;599.60144;0.41935483;2
1396861963931;24382647;1286.031;597.202;0.41935483;2
1396861963943;24382664;1146.6473;596.4286;0.41935483;2
1396861963960;24382681;1066.9897;596.4286;0.41935483;2
1396861963977;24382698;901.1314;596.4286;0.41935483;2
1396861963994;24382715;877.6724;596.4286;0.41935483;2
1396861964011;24382732;731.4965;593.3251;0.41935483;2
1396861964030;24382748;606.78577;583.89014;0.41935483;2
1396861964044;24382765;538.38007;575.0931;0.41935483;2
1396861964062;24382782;469.1885;566.3378;0.41935483;2
1396861964081;24382799;412.88306;559.9006;0.41935483;2
1396861964095;24382816;360.09915;557.18616;0.41935483;2
1396861964112;24382826;334.7143;555.8036;0.41935483;2
1396861964131;24382849;322.5487;556.25;0.41935483;2
1396861964145;24382866;300.27438;559.05;0.41935483;2
1396861964163;24382883;281.01364;565.41797;0.4516129;2
1396861964171;24382885;276.85715;566.9643;0.38709676;2
1396861964173;24382897;276.85715;566.9643;0.38709676;1
1396861965069;24383793;78.0;573.2143;0.41935483;0
1396861965103;24383824;90.815056;573.2143;0.41935483;2
1396861965120;24383841;128.75856;573.4721;0.41935483;2
1396861965137;24383858;182.16649;576.2725;0.41935483;2
1396861965155;24383874;238.19705;581.7358;0.41935483;2
1396861965170;24383891;277.42822;584.9942;0.41935483;2
1396861965187;24383908;344.77512;587.33356;0.41935483;2
1396861965205;24383925;511.61093;584.34656;0.41935483;2
1396861965221;24383942;576.6224;581.78455;0.41935483;2
1396861965238;24383958;689.976;577.5228;0.41935483;2
1396861965255;24383975;828.41315;576.31995;0.41935483;2
1396861965272;24383992;911.5332;579.26636;0.41935483;2
1396861965288;24384009;1024.5961;581.64935;0.41935483;2
1396861965306;24384026;1053.4629;583.9304;0.41935483;2
1396861965322;24384043;1188.8693;590.7774;0.41935483;2
1396861965341;24384059;1285.622;593.9635;0.41935483;2
1396861965356;24384076;1357.7988;595.5357;0.41935483;2
1396861965372;24384093;1436.1177;596.5365;0.41935483;2
1396861965389;24384110;1505.3955;595.9592;0.41935483;2
1396861965406;24384127;1564.4259;594.60126;0.41935483;2
1396861965423;24384144;1593.5859;593.16144;0.41935483;2
1396861965440;24384160;1613.6262;591.51154;0.41935483;2
1396861965457;24384177;1629.0204;591.0714;0.41935483;2
1396861965474;24384194;1638.0182;590.1786;0.41935483;2
1396861965490;24384211;1644.6829;590.1786;0.41935483;2
1396861965507;24384228;1650.6886;589.34424;0.41935483;2
1396861965524;24384245;1654.741;589.2857;0.41935483;2
1396861965541;24384261;1655.4036;586.87866;0.41935483;2
1396861965558;24384266;1654.7142;586.16064;0.38709676;2
1396861965561;24384284;1654.7142;586.16064;0.38709676;1
1396861966507;24385230;1463.1428;593.75;0.41935483;0
1396861966567;24385287;1444.5459;598.18036;0.41935483;2
1396861966583;24385304;1391.0408;604.1178;0.41935483;2
1396861966600;24385316;1346.5715;608.48206;0.41935483;2
1396861966616;24385337;1292.2625;613.9906;0.41935483;2
1396861966633;24385354;1141.4144;622.9081;0.41935483;2
1396861966650;24385370;1075.3308;624.1071;0.41935483;2
1396861966668;24385387;1015.2792;621.97894;0.41935483;2
1396861966683;24385404;953.6427;619.83875;0.41935483;2
1396861966701;24385421;893.03;615.75543;0.41935483;2
1396861966717;24385438;832.985;612.23315;0.41935483;2
1396861966734;24385454;804.1768;610.79004;0.41935483;2
1396861966752;24385471;751.8862;605.83575;0.41935483;2
1396861966767;24385488;703.48535;601.5504;0.41935483;2
1396861966784;24385505;675.72296;599.0583;0.41935483;2
1396861966801;24385522;656.818;596.9071;0.41935483;2
1396861966818;24385539;638.2956;594.83014;0.41935483;2
1396861966835;24385555;625.2921;594.6428;0.41935483;2
1396861966852;24385572;610.28577;594.6428;0.41935483;2
1396861966869;24385589;598.8968;594.02625;0.41935483;2
1396861966885;24385606;577.8942;593.75;0.41935483;2
1396861966902;24385623;564.53143;593.75;0.41935483;2
1396861966919;24385639;557.7171;593.75;0.41935483;2
1396861966936;24385656;554.49023;593.75;0.41935483;2
1396861966953;24385667;554.5714;592.8571;0.3548387;2
1396861966956;24385678;554.5714;592.8571;0.3548387;1
1396861967690;24386415;407.14285;609.8214;0.41935483;0
1396861967741;24386459;439.2926;606.018;0.41935483;2
1396861967755;24386476;491.47968;602.6786;0.41935483;2
1396861967771;24386492;546.2263;604.2814;0.41935483;2
1396861967789;24386509;606.0866;606.4686;0.41935483;2
1396861967810;24386530;688.1132;608.4207;0.41935483;2
1396861967831;24386547;744.63025;610.1718;0.41935483;2
1396861967844;24386564;795.8597;612.6787;0.41935483;2
1396861967860;24386581;924.2512;616.97736;0.41935483;2
1396861967877;24386598;987.24536;619.6041;0.41935483;2
1396861967894;24386614;1038.5232;624.92255;0.41935483;2
1396861967910;24386631;1087.1576;631.3684;0.41935483;2
1396861967928;24386648;1131.2732;635.86896;0.41935483;2
1396861967947;24386665;1156.085;636.6071;0.41935483;2
1396861967961;24386682;1171.447;635.87305;0.41935483;2
1396861967978;24386698;1192.4121;633.9154;0.41935483;2
1396861967995;24386716;1211.8186;630.8351;0.41935483;2
1396861968012;24386732;1223.4213;628.69196;0.41935483;2
1396861968032;24386749;1231.5641;626.5402;0.41935483;2
1396861968045;24386766;1238.3282;624.3937;0.41935483;2
1396861968062;24386783;1246.6196;620.3619;0.41935483;2
1396861968080;24386799;1256.1428;616.0714;0.41935483;2
1396861968096;24386817;1263.3033;613.73395;0.41935483;2
1396861968113;24386834;1275.5057;609.4321;0.41935483;2
1396861968127;24386838;1278.8572;608.0357;0.38709676;2
1396861968130;24386852;1278.8572;608.0357;0.38709676;1
1396861968948;24387673;1202.5714;608.9286;0.41935483;0
1396861968988;24387707;1178.9369;602.7665;0.41935483;2
1396861969003;24387724;1146.6732;596.8979;0.41935483;2
1396861969020;24387741;1096.431;590.61926;0.41935483;2
1396861969037;24387754;1059.0001;588.83923;0.41935483;2
1396861969054;24387774;1011.3826;590.43164;0.41935483;2
1396861969070;24387791;935.9375;591.6437;0.41935483;2
1396861969088;24387808;867.228;591.9643;0.41935483;2
1396861969106;24387825;809.33923;591.9643;0.41935483;2
1396861969121;24387842;764.40564;591.9643;0.41935483;2
1396861969138;24387858;736.55994;589.3333;0.38709676;2
1396861969142;24387867;736.55994;589.3333;0.38709676;1
1396861970118;24388842;1494.0;583.0357;0.41935483;0
1396861970143;24388863;1482.0681;581.12354;0.41935483;2
1396861970159;24388879;1435.1913;575.81946;0.41935483;2
1396861970177;24388896;1375.6897;572.35034;0.41935483;2
1396861970192;24388913;1308.7506;571.11926;0.41935483;2
1396861970209;24388927;1242.8572;570.5357;0.41935483;2
1396861970231;24388951;1159.8116;569.5692;0.41935483;2
1396861970247;24388967;997.56586;561.7578;0.41935483;2
1396861970266;24388984;939.2039;557.20874;0.41935483;2
1396861970281;24389001;875.6443;549.9353;0.41935483;2
1396861970298;24389018;812.4982;540.4425;0.41935483;2
1396861970314;24389035;758.48425;528.75653;0.41935483;2
1396861970331;24389051;709.687;517.7345;0.41935483;2
1396861970347;24389068;688.3506;512.5161;0.41935483;2
1396861970364;24389085;656.9516;509.8214;0.41935483;2
1396861970381;24389102;622.7443;513.2973;0.41935483;2
1396861970394;24389108;619.7143;514.2857;0.3548387;2
1396861970396;24389120;619.7143;514.2857;0.3548387;1
1396861971533;24390258;1782.8572;586.6071;0.41935483;0
1396861971608;24390329;1769.4661;585.67725;0.41935483;2
1396861971625;24390346;1742.2219;581.75824;0.41935483;2
1396861971641;24390361;1655.9663;571.3929;0.41935483;2
1396861971654;24390374;1569.0356;564.8919;0.41935483;2
1396861971672;24390392;1487.8467;561.37994;0.41935483;2
1396861971689;24390409;1382.0486;559.171;0.41935483;2
1396861971705;24390426;1273.1787;555.2719;0.41935483;2
1396861971722;24390443;1156.2963;552.2939;0.41935483;2
1396861971739;24390457;1011.0;549.1072;0.41935483;2
1396861971756;24390476;955.4062;550.0379;0.41935483;2
1396861971772;24390493;785.3886;551.23816;0.41935483;2
1396861971789;24390510;683.233;551.7857;0.41935483;2
1396861971807;24390527;590.1582;551.7857;0.41935483;2
1396861971827;24390544;506.42346;550.8928;0.41935483;2
1396861971840;24390560;446.36172;550.2473;0.41935483;2
1396861971859;24390577;398.55;550.988;0.41935483;2
1396861971874;24390594;377.0277;552.3909;0.41935483;2
1396861971890;24390611;356.29465;557.0255;0.41935483;2
1396861971907;24390628;333.21155;565.58545;0.41935483;2
1396861971924;24390645;314.75604;572.69574;0.41935483;2
1396861971941;24390661;297.07516;580.13226;0.41935483;2
1396861971958;24390678;288.46506;584.20087;0.41935483;2
1396861971976;24390695;284.13672;588.40564;0.41935483;2
1396861971991;24390709;283.7143;591.96423;0.41935483;2
1396861972001;24390726;283.7143;591.96423;0.41935483;1
1396861973068;24391793;646.2857;565.1786;0.41935483;0
1396861973122;24391843;670.3743;562.97363;0.41935483;2
1396861973139;24391860;698.8893;561.6071;0.41935483;2
1396861973156;24391877;747.556;560.7143;0.41935483;2
1396861973171;24391891;785.9304;561.88794;0.41935483;2
1396861973188;24391907;818.1428;563.83923;0.41935483;2
1396861973205;24391925;844.5187;565.05054;0.41935483;2
1396861973223;24391942;901.5644;567.10657;0.41935483;2
1396861973238;24391959;948.71533;569.2532;0.41935483;2
1396861973255;24391975;977.9295;569.6428;0.41935483;2
1396861973272;24391992;1001.9074;569.20447;0.41935483;2
1396861973288;24392009;1019.95984;567.97394;0.41935483;2
1396861973305;24392026;1031.9701;565.7205;0.41935483;2
1396861973322;24392043;1037.3488;564.4553;0.41935483;2
1396861973340;24392059;1044.052;563.3928;0.41935483;2
1396861973351;24392066;1044.8572;563.3928;0.38709676;2
1396861973354;24392077;1044.8572;563.3928;0.38709676;1
1396861974131;24392853;480.85715;596.4286;0.41935483;0
1396861974181;24392901;501.13132;601.78345;0.41935483;2
1396861974198;24392917;593.8046;619.52783;0.41935483;2
1396861974214;24392934;671.78357;632.93;0.41935483;2
1396861974230;24392950;749.651;641.4933;0.41935483;2
1396861974247;24392967;853.4574;648.0018;0.41935483;2
1396861974263;24392984;925.21606;650.23737;0.41935483;2
1396861974280;24393001;996.235;652.54407;0.41935483;2
1396861974299;24393011;1051.2856;654.0178;0.41935483;2
1396861974315;24393034;1118.3308;655.7981;0.41935483;2
1396861974331;24393051;1234.3478;657.3583;0.41935483;2
1396861974347;24393068;1285.8191;658.1181;0.41935483;2
1396861974364;24393085;1318.7146;657.1428;0.41935483;2
1396861974381;24393102;1333.3651;657.1428;0.41935483;2
1396861974400;24393119;1340.2845;657.1428;0.41935483;2
1396861974415;24393135;1343.7448;657.1428;0.41935483;2
1396861974431;24393152;1344.8126;657.1428;0.41935483;2
1396861974448;24393169;1346.8342;655.9762;0.41935483;2
1396861974465;24393186;1348.8966;653.8279;0.41935483;2
1396861974482;24393203;1350.8656;651.7769;0.41935483;2
1396861974499;24393219;1353.0337;648.14404;0.41935483;2
1396861974515;24393236;1355.1068;643.82513;0.41935483;2
1396861974532;24393253;1357.1697;639.5274;0.41935483;2
1396861974549;24393268;1359.0;635.71423;0.41935483;2
1396861974568;24393287;1360.2952;633.0259;0.41935483;2
1396861974583;24393304;1362.1575;632.1428;0.41935483;2
1396861974587;24393313;1362.1575;632.1428;0.41935483;1
1396861975624;24394347;426.0;594.6428;0.41935483;0
1396861975658;24394379;451.59;594.6428;0.41935483;2
1396861975676;24394396;505.38885;597.2393;0.41935483;2
1396861975694;24394413;571.7887;604.8795;0.41935483;2
1396861975711;24394429;640.2759;613.3391;0.41935483;2
1396861975727;24394446;676.2297;616.8062;0.41935483;2
1396861975743;24394463;764.33966;618.75;0.41935483;2
1396861975761;24394480;915.08215;611.5397;0.41935483;2
1396861975781;24394496;977.4214;603.31104;0.41935483;2
1396861975794;24394513;1048.1322;593.8213;0.41935483;2
1396861975809;24394530;1111.7709;586.8165;0.41935483;2
1396861975831;24394546;1166.126;582.2514;0.41935483;2
1396861975842;24394563;1208.1754;580.10986;0.41935483;2
1396861975861;24394580;1218.4917;579.04956;0.41935483;2
1396861975877;24394598;1244.7881;577.8086;0.41935483;2
1396861975894;24394615;1263.1177;576.7857;0.41935483;2
1396861975912;24394632;1272.182;576.7857;0.41935483;2
1396861975928;24394648;1278.475;576.7857;0.41935483;2
1396861975945;24394665;1284.6661;575.06635;0.41935483;2
1396861975962;24394682;1291.6736;573.0017;0.41935483;2
1396861975978;24394699;1299.233;571.03314;0.41935483;2
1396861975996;24394716;1303.3702;569.9556;0.41935483;2
1396861976012;24394733;1309.5793;567.9274;0.41935483;2
1396861976027;24394733;1309.7144;567.8571;0.41935483;2
1396861976033;24394753;1309.7144;567.8571;0.41935483;1
1396861977001;24395725;1211.1428;606.25;0.41935483;0
1396861977037;24395758;1184.9504;606.98706;0.41935483;2
1396861977054;24395775;1142.681;608.0357;0.41935483;2
1396861977071;24395791;1089.8219;608.0357;0.41935483;2
1396861977087;24395808;1059.7637;607.28284;0.41935483;2
1396861977104;24395824;1002.2901;607.1428;0.41935483;2
1396861977120;24395841;943.76025;605.8591;0.41935483;2
1396861977137;24395858;905.5458;604.4643;0.41935483;2
1396861977157;24395875;879.5735;606.3862;0.41935483;2
1396861977161;24395887;879.5735;606.3862;0.41935483;1
1396861978245;24396968;1167.4286;618.75;0.41935483;0
1396861978268;24396989;1153.2007;614.11847;0.41935483;2
1396861978285;24397005;1113.2344;604.66205;0.41935483;2
1396861978301;24397022;1064.9683;598.6045;0.41935483;2
1396861978317;24397038;1015.1814;597.3214;0.41935483;2
1396861978330;24397051;980.09357;598.9735;0.41935483;2
1396861978347;24397062;948.8571;601.78564;0.41935483;2
1396861978364;24397084;924.5797;603.61273;0.41935483;2
1396861978384;24397101;885.2039;608.4628;0.41935483;2
1396861978388;24397103;880.2857;608.9286;0.38709676;2
1396861978390;24397113;880.2857;608.9286;0.38709676;1
1396861979342;24398067;1785.4286;613.3928;0.41935483;0
1396861979420;24398138;1772.3043;609.65234;0.41935483;2
1396861979434;24398155;1710.4567;595.70337;0.41935483;2
1396861979452;24398171;1636.606;585.3264;0.41935483;2
1396861979468;24398188;1535.3011;581.25;0.41935483;2
1396861979489;24398210;1396.9401;582.5499;0.41935483;2
1396861979506;24398227;1261.4028;586.3036;0.41935483;2
1396861979523;24398239;1149.0;589.28564;0.41935483;2
1396861979540;24398261;1103.9012;590.1786;0.41935483;2
1396861979557;24398277;871.8188;591.0714;0.41935483;2
1396861979574;24398294;766.1102;590.1786;0.41935483;2
1396861979590;24398311;688.1563;586.2176;0.41935483;2
1396861979607;24398328;589.4203;576.4302;0.41935483;2
1396861979627;24398344;525.1172;567.8734;0.41935483;2
1396861979641;24398361;470.7881;561.2898;0.41935483;2
1396861979657;24398378;439.62064;558.2422;0.41935483;2
1396861979677;24398395;396.03223;557.1428;0.41935483;2
1396861979692;24398413;365.77243;559.43713;0.41935483;2
1396861979709;24398429;351.48444;561.59546;0.41935483;2
1396861979729;24398446;341.90445;563.5913;0.41935483;2
1396861979742;24398463;332.09235;565.74976;0.41935483;2
1396861979759;24398480;324.3634;567.7625;0.41935483;2
1396861979776;24398497;315.59787;569.78613;0.41935483;2
1396861979793;24398513;312.3413;571.69727;0.48387095;2
1396861979797;24398523;312.3413;571.69727;0.48387095;1
1396861980820;24399543;672.0;608.9286;0.41935483;0
1396861980851;24399572;681.07214;608.9286;0.41935483;2
1396861980868;24399589;698.99054;608.9286;0.41935483;2
1396861980888;24399606;727.02893;608.9286;0.41935483;2
1396861980902;24399622;769.43524;608.9286;0.41935483;2
1396861980918;24399639;815.91473;608.3607;0.41935483;2
1396861980935;24399652;855.8572;606.6964;0.41935483;2
1396861980952;24399672;894.3565;602.2405;0.41935483;2
1396861980968;24399689;960.91797;596.3934;0.41935483;2
1396861980986;24399706;1009.08746;592.48694;0.41935483;2
1396861981002;24399723;1041.008;589.2857;0.41935483;2
1396861981019;24399740;1048.1816;589.2857;0.41935483;2
1396861981027;24399740;1048.2858;589.2857;0.38709676;2
1396861981031;24399753;1048.2858;589.2857;0.38709676;1
1396861982002;24400724;1463.1428;610.7143;0.41935483;0
1396861982056;24400777;1425.6694;608.099;0.41935483;2
1396861982073;24400794;1368.3733;602.7613;0.41935483;2
1396861982090;24400810;1298.8145;603.1235;0.41935483;2
1396861982106;24400826;1222.2856;608.48206;0.41935483;2
1396861982129;24400848;1120.8341;614.5163;0.41935483;2
1396861982145;24400865;959.30457;622.01404;0.41935483;2
1396861982165;24400882;892.72925;622.3214;0.41935483;2
1396861982179;24400899;830.1507;620.4525;0.41935483;2
1396861982196;24400916;762.38873;615.9823;0.41935483;2
1396861982214;24400933;704.30255;608.13;0.41935483;2
1396861982229;24400949;657.3305;601.17346;0.41935483;2
1396861982245;24400966;634.97363;597.5628;0.41935483;2
1396861982262;24400983;607.5032;593.4826;0.41935483;2
1396861982280;24401000;570.5538;588.4753;0.41935483;2
1396861982296;24401009;546.8572;585.7143;0.3548387;2
1396861982298;24401022;546.8572;585.7143;0.3548387;1
1396861983069;24401793;1450.2858;588.3928;0.41935483;0
1396861983120;24401841;1402.6943;581.5902;0.41935483;2
1396861983139;24401858;1340.8229;574.50476;0.41935483;2
1396861983153;24401874;1266.2543;572.3214;0.41935483;2
1396861983170;24401891;1169.8208;574.1264;0.41935483;2
1396861983188;24401908;1071.244;577.6786;0.41935483;2
1396861983204;24401923;999.4285;576.33923;0.41935483;2
1396861983221;24401941;933.46375;574.35364;0.41935483;2
1396861983238;24401958;798.5568;564.01733;0.41935483;2
1396861983255;24401975;740.00653;556.75415;0.41935483;2
1396861983272;24401992;708.03156;553.61456;0.41935483;2
1396861983288;24402009;663.6052;553.56305;0.41935483;2
1396861983305;24402026;624.4445;560.1074;0.3548387;2
1396861983309;24402035;624.4445;560.1074;0.3548387;1
1396861984219;24402943;1761.4286;641.9643;0.41935483;0
1396861984315;24403036;1730.6047;636.48456;0.41935483;2
1396861984332;24403053;1671.1539;627.93805;0.41935483;2
1396861984346;24403066;1612.3745;620.0897;0.41935483;2
1396861984358;24403079;1547.2845;613.0025;0.41935483;2
1396861984376;24403096;1446.6794;606.2863;0.41935483;2
1396861984393;24403111;1390.7142;604.91064;0.41935483;2
1396861984410;24403130;1219.5979;606.87427;0.41935483;2
1396861984427;24403147;1036.5425;611.5538;0.41935483;2
1396861984443;24403164;952.9089;613.3928;0.41935483;2
1396861984462;24403181;798.33875;611.95245;0.41935483;2
1396861984479;24403198;714.0078;610.82336;0.41935483;2
1396861984494;24403215;566.64777;604.34045;0.41935483;2
1396861984513;24403231;508.1247;599.3704;0.41935483;2
1396861984527;24403248;470.58105;596.6393;0.41935483;2
1396861984544;24403265;404.28714;588.8837;0.41935483;2
1396861984561;24403282;346.50302;582.0986;0.48387095;2
1396861984581;24403299;308.55054;578.5714;0.516129;2
1396861984595;24403315;294.8779;578.5714;0.516129;2
1396861984611;24403332;285.0;578.5714;0.4516129;2
1396861984615;24403340;285.0;578.5714;0.4516129;1
1396861985569;24404292;1824.0;638.3928;0.41935483;0
1396861985642;24404362;1795.5;640.9917;0.41935483;2
1396861985659;24404379;1744.1862;632.15625;0.41935483;2
1396861985677;24404395;1681.063;618.7929;0.41935483;2
1396861985691;24404412;1600.4506;603.4006;0.41935483;2
1396861985710;24404429;1526.1072;592.84326;0.41935483;2
1396861985725;24404446;1443.2395;584.7293;0.41935483;2
1396861985741;24404462;1249.6785;575.5567;0.41935483;2
1396861985758;24404479;1147.5367;576.3662;0.41935483;2
1396861985776;24404496;1010.06165;580.09973;0.41935483;2
1396861985792;24404513;892.89374;584.4773;0.41935483;2
1396861985809;24404530;766.9374;588.75696;0.41935483;2
1396861985827;24404547;651.1382;591.0714;0.41935483;2
1396861985843;24404563;611.0307;591.0714;0.41935483;2
1396861985859;24404580;468.43646;588.2803;0.41935483;2
1396861985876;24404597;374.99625;582.9136;0.41935483;2
1396861985893;24404614;330.5924;578.33093;0.4516129;2
1396861985910;24404631;294.21268;572.50714;0.4516129;2
1396861985927;24404647;270.4989;570.2814;0.4516129;2
1396861985943;24404662;245.57143;569.6428;0.48387095;2
1396861985947;24404671;245.57143;569.6428;0.48387095;1
1396861986804;24405526;463.7143;569.6428;0.41935483;0
1396861986845;24405566;485.18158;564.05743;0.41935483;2
1396861986862;24405582;539.8839;562.496;0.41935483;2
1396861986881;24405599;602.7883;571.07324;0.41935483;2
1396861986901;24405622;701.4768;586.9272;0.41935483;2
1396861986920;24405636;787.28577;597.3214;0.41935483;2
1396861986935;24405656;845.3385;602.15424;0.41935483;2
1396861986952;24405673;997.69434;607.1428;0.41935483;2
1396861986969;24405689;1072.6793;607.1428;0.41935483;2
1396861986986;24405706;1130.4083;604.29126;0.41935483;2
1396861987003;24405723;1190.4329;600.872;0.41935483;2
1396861987019;24405740;1243.518;596.7877;0.41935483;2
1396861987036;24405757;1294.6229;590.8248;0.41935483;2
1396861987054;24405767;1327.2859;587.0535;0.41935483;2
1396861987070;24405790;1371.2196;581.37335;0.41935483;2
1396861987086;24405807;1417.7129;575.705;0.41935483;2
1396861987103;24405823;1433.1428;573.66064;0.38709676;2
1396861987107;24405832;1433.1428;573.66064;0.38709676;1
1396861987922;24406645;474.0;604.4643;0.41935483;0
1396861987978;24406699;491.5194;608.88306;0.41935483;2
1396861987995;24406716;546.36786;614.4275;0.41935483;2
1396861988011;24406731;596.5714;618.75;0.41935483;2
1396861988022;24406743;609.70044;619.66235;0.41935483;2
1396861988039;24406760;692.8642;617.36975;0.41935483;2
1396861988056;24406777;786.2325;610.9231;0.41935483;2
1396861988074;24406794;870.8502;605.3894;0.41935483;2
1396861988090;24406811;969.3558;601.7857;0.41935483;2
1396861988107;24406828;1045.6694;601.7857;0.41935483;2
1396861988126;24406845;1120.1599;602.1901;0.41935483;2
1396861988141;24406862;1179.0;602.6786;0.41935483;2
1396861988157;24406878;1217.8475;600.8347;0.41935483;2
1396861988180;24406895;1261.0608;599.1071;0.41935483;2
1396861988191;24406912;1275.5583;599.1071;0.41935483;2
1396861988208;24406929;1283.7988;599.1071;0.41935483;2
1396861988225;24406946;1293.3878;598.5799;0.41935483;2
1396861988242;24406962;1303.9485;598.2143;0.41935483;2
1396861988248;24406974;1303.9485;598.2143;0.41935483;1
1396861989164;24407887;68.57143;602.6786;0.41935483;0
1396861989221;24407942;107.334755;601.9637;0.41935483;2
1396861989238;24407959;176.03253;603.7387;0.41935483;2
1396861989257;24407975;247.72166;606.4488;0.41935483;2
1396861989271;24407992;329.71365;608.96576;0.41935483;2
1396861989288;24408009;435.84656;608.9286;0.41935483;2
1396861989305;24408026;573.0233;604.14575;0.41935483;2
1396861989322;24408038;679.2857;598.2143;0.41935483;2
1396861989341;24408059;752.5258;594.90265;0.41935483;2
1396861989355;24408076;982.69574;580.1353;0.41935483;2
1396861989372;24408093;1081.7087;573.87244;0.41935483;2
1396861989389;24408110;1185.2467;568.33826;0.41935483;2
1396861989406;24408127;1283.7495;564.40686;0.41935483;2
1396861989423;24408144;1364.0936;563.3928;0.41935483;2
1396861989440;24408160;1460.357;563.3928;0.41935483;2
1396861989456;24408177;1493.5237;563.3928;0.41935483;2
1396861989473;24408194;1550.5004;564.2857;0.41935483;2
1396861989490;24408211;1587.3405;563.3928;0.41935483;2
1396861989507;24408228;1609.3282;562.5;0.41935483;2
1396861989527;24408244;1625.1372;561.6071;0.41935483;2
1396861989542;24408261;1637.6604;561.6071;0.41935483;2
1396861989557;24408278;1646.3766;561.6071;0.41935483;2
1396861989576;24408295;1651.457;561.6071;0.41935483;2
1396861989591;24408312;1651.9253;561.6071;0.41935483;2
1396861989600;24408326;1651.9253;561.6071;0.41935483;1
1396861990554;24409279;76.28571;599.1071;0.38709676;0
1396861990600;24409321;122.00029;588.7897;0.38709676;2
1396861990618;24409336;183.42857;579.0178;0.38709676;2
1396861990634;24409355;233.26346;575.19147;0.38709676;2
1396861990650;24409370;414.0859;572.17316;0.38709676;2
1396861990666;24409387;529.86176;572.3214;0.38709676;2
1396861990683;24409404;671.8071;575.77454;0.38709676;2
1396861990700;24409421;837.02875;582.74493;0.38709676;2
1396861990717;24409438;975.60144;587.961;0.38709676;2
1396861990735;24409454;1110.2423;592.2294;0.38709676;2
1396861990750;24409471;1162.1606;593.5441;0.38709676;2
1396861990768;24409488;1334.9495;594.5607;0.38709676;2
1396861990785;24409505;1436.8903;595.78485;0.38709676;2
1396861990801;24409522;1497.7483;598.83203;0.38709676;2
1396861990818;24409539;1554.0322;601.96564;0.38709676;2
1396861990835;24409555;1593.5524;602.6786;0.38709676;2
1396861990852;24409572;1618.4113;601.03076;0.38709676;2
1396861990869;24409589;1635.3438;599.00653;0.38709676;2
1396861990886;24409606;1641.2377;597.68536;0.38709676;2
1396861990902;24409623;1652.6943;592.06604;0.38709676;2
1396861990919;24409640;1661.0178;586.6939;0.38709676;2
1396861990936;24409656;1658.647;584.4143;0.32258064;2
1396861990939;24409665;1658.647;584.4143;0.32258064;1
