1396863558887;25377219;1765.7144;652.6786;0.61290324;0
1396863558941;25377269;1719.4474;634.3799;0.6451613;2
1396863558958;25377286;1681.998;627.9759;0.61290324;2
1396863558975;25377303;1622.2263;620.80133;0.61290324;2
1396863558990;25377318;1485.7838;606.43805;0.61290324;2
1396863559007;25377335;1419.1731;598.53375;0.61290324;2
1396863559023;25377352;1331.1855;587.05914;0.6451613;2
1396863559040;25377369;1173.4657;568.67236;0.7096774;2
1396863559057;25377386;1091.7744;564.30176;0.7419355;2
1396863559074;25377402;950.85876;563.3928;0.7419355;2
1396863559091;25377419;874.4279;564.0377;0.7419355;2
1396863559107;25377436;792.24725;565.6935;0.7419355;2
1396863559124;25377453;605.8657;568.5922;0.6774193;2
1396863559142;25377470;520.8046;569.6428;0.7096774;2
1396863559158;25377487;451.7855;568.75;0.7419355;2
1396863559175;25377503;385.06332;568.08704;0.7419355;2
1396863559192;25377520;331.4139;566.9643;0.7419355;2
1396863559209;25377537;293.87033;566.9643;0.6774193;2
1396863559225;25377554;282.157;567.61346;0.6451613;2
1396863559242;25377571;269.23285;569.5019;0.7096774;2
1396863559259;25377587;250.47711;574.53973;0.7419355;2
1396863559276;25377604;240.1684;578.3227;0.6774193;2
1396863559293;25377621;232.07303;581.02625;0.61290324;2
1396863559309;25377638;227.01952;583.1;0.61290324;2
1396863559326;25377655;223.30363;585.0353;0.61290324;2
1396863559343;25377669;220.71428;587.0535;0.61290324;2
1396863559353;25377686;220.71428;587.0535;0.61290324;1
1396863561521;25379852;492.85715;632.1428;0.6774193;0
1396863561575;25379903;549.68225;632.1428;0.7096774;2
1396863561592;25379920;615.5481;630.5676;0.7096774;2
1396863561608;25379935;684.29724;625.6156;0.7419355;2
1396863561620;25379949;759.9949;618.9524;0.6774193;2
1396863561637;25379966;842.0626;613.4939;0.61290324;2
1396863561656;25379983;887.77527;611.1724;0.61290324;2
1396863561671;25380000;1048.4192;605.9036;0.61290324;2
1396863561688;25380017;1129.6813;605.3571;0.61290324;2
1396863561705;25380034;1193.0671;605.3571;0.61290324;2
1396863561722;25380050;1245.9594;605.3571;0.61290324;2
1396863561739;25380067;1287.1493;606.57806;0.61290324;2
1396863561758;25380084;1298.618;608.64716;0.61290324;2
1396863561772;25380097;1303.2856;610.2678;0.61290324;2
1396863561789;25380118;1305.859;611.8313;0.61290324;2
1396863561795;25380128;1305.859;611.8313;0.61290324;1
1396863563641;25381971;1727.1428;660.7143;0.41935483;0
1396863563708;25382036;1683.205;649.0477;0.6451613;2
1396863563724;25382053;1496.9562;622.63116;0.6451613;2
1396863563739;25382067;1415.8298;611.81647;0.61290324;2
1396863563751;25382079;1272.9275;595.24866;0.61290324;2
1396863563769;25382097;1068.4358;577.8549;0.6774193;2
1396863563785;25382114;881.12366;577.1813;0.6774193;2
1396863563802;25382131;699.47864;591.98804;0.6774193;2
1396863563819;25382148;616.6949;602.05383;0.6774193;2
1396863563836;25382164;491.3236;619.2918;0.7419355;2
1396863563853;25382181;380.66888;631.97125;0.7096774;2
1396863563873;25382198;337.79196;631.8743;0.7419355;2
1396863563886;25382215;312.6064;628.3791;0.7419355;2
1396863563903;25382232;292.99814;623.1712;0.6451613;2
1396863563923;25382249;284.18045;618.0999;0.61290324;2
1396863563937;25382262;279.42856;614.28577;0.61290324;2
1396863563952;25382274;278.57144;612.5;0.54838705;2
1396863563954;25382285;278.57144;612.5;0.54838705;1
1396863565270;25383601;1206.0;684.8214;0.41935483;0
1396863565301;25383630;1179.3336;667.1156;0.48387095;2
1396863565318;25383647;1127.6619;644.57605;0.516129;2
1396863565336;25383664;1084.0798;634.2806;0.58064514;2
1396863565352;25383680;1051.7303;632.97504;0.61290324;2
1396863565368;25383697;1003.96014;636.05096;0.61290324;2
1396863565385;25383713;952.7028;641.1067;0.61290324;2
1396863565401;25383730;900.67975;643.5915;0.61290324;2
1396863565418;25383743;861.8572;643.75;0.61290324;2
1396863565436;25383764;830.4373;643.75;0.61290324;2
1396863565452;25383781;812.5714;643.9627;0.61290324;2
1396863565460;25383782;812.5714;643.75;0.54838705;2
1396863565463;25383794;812.5714;643.75;0.54838705;1
1396863566773;25385104;488.57144;685.7143;0.41935483;0
1396863566829;25385158;542.4417;662.77625;0.41935483;2
1396863566846;25385174;618.54974;654.34406;0.41935483;2
1396863566862;25385191;751.6108;646.27606;0.41935483;2
1396863566879;25385207;873.5263;637.72736;0.41935483;2
1396863566896;25385224;952.7797;627.5287;0.41935483;2
1396863566912;25385240;1055.143;616.5178;0.41935483;2
1396863566929;25385258;1084.4263;614.8023;0.41935483;2
1396863566946;25385275;1175.9364;616.1738;0.48387095;2
1396863566965;25385291;1235.3547;620.4462;0.48387095;2
1396863566980;25385308;1280.4602;622.3214;0.54838705;2
1396863566997;25385325;1301.1404;621.3173;0.54838705;2
1396863567013;25385342;1313.5377;619.3168;0.54838705;2
1396863567031;25385359;1320.9238;617.8571;0.54838705;2
1396863567047;25385372;1324.2856;617.8571;0.54838705;2
1396863567062;25385384;1325.1428;618.75;0.54838705;2
1396863567064;25385395;1325.1428;618.75;0.54838705;1
1396863568181;25386513;1197.4286;634.8214;0.41935483;0
1396863568236;25386564;1124.5001;638.8835;0.516129;2
1396863568252;25386580;1037.0669;647.53357;0.516129;2
1396863568269;25386597;964.0148;651.7372;0.516129;2
1396863568289;25386618;892.82294;647.59204;0.516129;2
1396863568308;25386635;850.60474;640.188;0.58064514;2
1396863568323;25386650;835.2857;635.71423;0.58064514;2
1396863568340;25386668;830.09467;634.90063;0.58064514;2
1396863568357;25386679;827.1428;634.8214;0.58064514;2
1396863568372;25386694;828.8572;634.8214;0.54838705;2
1396863568375;25386706;828.8572;634.8214;0.54838705;1
1396863569464;25387796;1458.0;647.3214;0.41935483;0
1396863569499;25387827;1418.1696;637.90717;0.48387095;2
1396863569518;25387844;1340.8354;635.7143;0.54838705;2
1396863569532;25387861;1186.1097;632.7715;0.54838705;2
1396863569549;25387877;1075.6963;626.3722;0.54838705;2
1396863569565;25387894;973.35095;617.622;0.54838705;2
1396863569583;25387906;917.5714;612.9464;0.54838705;2
1396863569599;25387928;852.65564;612.2762;0.54838705;2
1396863569616;25387945;738.71436;621.39355;0.58064514;2
1396863569633;25387961;700.96063;627.92847;0.6774193;2
1396863569650;25387978;679.28107;633.0371;0.61290324;2
1396863569673;25387989;669.4286;634.8214;0.6451613;2
1396863569679;25388001;669.4286;634.8214;0.6451613;1
1396863570724;25389057;1411.7144;648.2143;0.6774193;0
1396863570788;25389116;1329.3;630.6216;0.6451613;2
1396863570804;25389133;1180.9801;626.87415;0.61290324;2
1396863570821;25389149;1069.7341;622.7144;0.61290324;2
1396863570837;25389166;935.94794;612.1189;0.61290324;2
1396863570859;25389187;845.9645;604.75885;0.61290324;2
1396863570875;25389204;779.4331;600.7005;0.61290324;2
1396863570893;25389221;746.0529;599.75214;0.61290324;2
1396863570911;25389237;681.92053;599.1071;0.61290324;2
1396863570926;25389254;634.2658;601.6939;0.61290324;2
1396863570933;25389254;633.4286;601.7857;0.61290324;2
1396863570935;25389266;633.4286;601.7857;0.61290324;1
1396863571921;25390254;1442.5714;633.0357;0.41935483;0
1396863571965;25390293;1385.3221;619.63574;0.41935483;2
1396863571982;25390310;1218.2413;612.99493;0.41935483;2
1396863571998;25390326;1118.6792;612.5;0.41935483;2
1396863572015;25390343;958.8578;608.6598;0.41935483;2
1396863572032;25390360;889.3473;603.7762;0.41935483;2
1396863572048;25390377;812.8318;597.617;0.41935483;2
1396863572065;25390393;738.7513;592.5133;0.4516129;2
1396863572085;25390413;688.84796;591.14325;0.4516129;2
1396863572101;25390430;628.47723;593.2475;0.4516129;2
1396863572119;25390447;591.08417;597.50037;0.4516129;2
1396863572135;25390457;583.7143;600.0;0.4516129;2
1396863572138;25390469;583.7143;600.0;0.4516129;1
1396863573217;25391549;1715.1428;581.25;0.6774193;0
1396863573294;25391623;1587.712;577.42847;0.61290324;2
1396863573311;25391640;1406.4385;566.69104;0.61290324;2
1396863573327;25391655;1229.1963;556.5953;0.6774193;2
1396863573339;25391668;1055.3717;552.24207;0.61290324;2
1396863573357;25391685;841.3888;554.92065;0.6451613;2
1396863573374;25391702;656.1544;567.5332;0.61290324;2
1396863573391;25391712;545.5714;579.0178;0.6451613;2
1396863573408;25391736;447.1889;591.92194;0.61290324;2
1396863573424;25391753;300.14548;607.7449;0.61290324;2
1396863573441;25391770;249.75876;611.0487;0.61290324;2
1396863573458;25391785;210.42857;612.9464;0.61290324;2
1396863573462;25391793;210.42857;612.9464;0.61290324;1
1396863574544;25392874;705.4286;637.5;0.6774193;0
1396863574599;25392928;747.1381;638.4244;0.6451613;2
1396863574618;25392944;818.98865;643.2791;0.61290324;2
1396863574632;25392961;889.6329;644.0577;0.61290324;2
1396863574652;25392981;976.4278;635.5224;0.6451613;2
1396863574669;25392998;1030.0138;629.7111;0.6451613;2
1396863574687;25393015;1063.7144;629.4643;0.6451613;2
1396863574699;25393033;1063.7144;629.4643;0.6451613;1
1396863575796;25394128;1774.2858;670.5357;0.41935483;0
1396863575833;25394158;1712.4298;659.1298;0.516129;2
1396863575847;25394175;1606.2063;657.1428;0.516129;2
1396863575864;25394192;1543.8948;656.3361;0.516129;2
1396863575881;25394209;1409.1259;645.94275;0.54838705;2
1396863575897;25394225;1181.0504;619.8232;0.58064514;2
1396863575913;25394242;962.30023;603.7714;0.58064514;2
1396863575930;25394259;759.42633;599.974;0.58064514;2
1396863575947;25394275;567.9908;609.6628;0.58064514;2
1396863575964;25394292;457.71265;618.65094;0.6451613;2
1396863575981;25394309;382.427;627.9523;0.61290324;2
1396863575998;25394326;346.65994;632.17676;0.61290324;2
1396863576016;25394338;294.0;635.7143;0.54838705;2
1396863576022;25394349;294.0;635.7143;0.54838705;1
1396863577113;25395444;1407.4286;650.0;0.6774193;0
1396863577133;25395461;1379.1406;648.4849;0.6774193;2
1396863577149;25395477;1314.4286;651.78564;0.61290324;2
1396863577165;25395494;1271.4332;654.0367;0.61290324;2
1396863577182;25395510;1109.723;650.8225;0.61290324;2
1396863577201;25395527;960.15;637.57086;0.61290324;2
1396863577223;25395552;799.928;620.58496;0.61290324;2
1396863577240;25395568;710.0863;616.9643;0.61290324;2
1396863577257;25395585;638.6366;622.0597;0.6451613;2
1396863577273;25395599;589.7143;629.0179;0.54838705;2
1396863577283;25395617;589.7143;629.0179;0.54838705;1
1396863578300;25396631;1170.0;620.5357;0.41935483;0
1396863578328;25396657;1106.2601;599.0405;0.54838705;2
1396863578346;25396674;1075.2559;598.2143;0.54838705;2
1396863578362;25396690;1002.1662;608.1582;0.58064514;2
1396863578381;25396707;866.2692;632.72577;0.58064514;2
1396863578394;25396723;836.62213;634.8214;0.58064514;2
1396863578415;25396744;816.0087;632.59155;0.61290324;2
1396863578434;25396756;811.7143;632.1428;0.61290324;2
1396863578438;25396766;811.7143;632.1428;0.61290324;1
1396863579456;25397786;695.1429;648.2143;0.41935483;0
1396863579491;25397819;733.2466;640.30365;0.48387095;2
1396863579508;25397836;774.8323;637.5906;0.516129;2
1396863579526;25397853;901.03815;636.6071;0.58064514;2
1396863579541;25397869;1032.4006;636.162;0.58064514;2
1396863579558;25397886;1084.4972;631.8921;0.58064514;2
1396863579570;25397892;1101.4286;629.4643;0.516129;2
1396863579573;25397904;1101.4286;629.4643;0.516129;1
1396863580639;25398971;550.2857;627.6786;0.41935483;0
1396863580700;25399029;635.4491;613.4496;0.41935483;2
1396863580717;25399046;900.37823;626.8715;0.41935483;2
1396863580735;25399062;1069.4414;632.8227;0.41935483;2
1396863580750;25399078;1178.4724;623.9945;0.41935483;2
1396863580767;25399095;1329.2507;606.967;0.41935483;2
1396863580784;25399112;1407.5082;599.6197;0.41935483;2
1396863580801;25399129;1428.6234;599.1071;0.41935483;2
1396863580817;25399146;1432.1827;599.96423;0.41935483;2
1396863580834;25399162;1432.8844;601.162;0.41935483;2
1396863580839;25399172;1432.8844;601.162;0.41935483;1
1396863581871;25400202;1821.4286;687.5;0.41935483;0
1396863581905;25400233;1761.3671;669.4244;0.41935483;2
1396863581924;25400250;1594.429;643.3993;0.48387095;2
1396863581938;25400266;1409.493;614.3372;0.516129;2
1396863581955;25400283;1224.8473;592.68195;0.54838705;2
1396863581976;25400299;1000.7143;569.1964;0.61290324;2
1396863581993;25400321;846.8774;565.15063;0.61290324;2
1396863582010;25400338;644.4256;577.3739;0.6774193;2
1396863582027;25400355;549.3252;590.61774;0.61290324;2
1396863582043;25400372;481.92065;603.6529;0.61290324;2
1396863582060;25400388;431.15094;615.54193;0.6774193;2
1396863582078;25400405;402.63568;623.2143;0.6451613;2
1396863582089;25400410;401.14285;623.2143;0.58064514;2
1396863582091;25400422;401.14285;623.2143;0.58064514;1
1396863583255;25401587;743.1429;641.9643;0.41935483;0
1396863583288;25401615;745.18317;630.7721;0.41935483;2
1396863583303;25401631;782.30316;620.1592;0.41935483;2
1396863583320;25401648;897.429;611.74445;0.41935483;2
1396863583323;25401657;897.429;611.74445;0.41935483;1
1396863584460;25402790;1547.1428;675.8928;0.41935483;0
1396863584490;25402819;1480.8844;655.8957;0.41935483;2
1396863584507;25402835;1419.5226;650.09;0.41935483;2
1396863584523;25402852;1381.04;648.33246;0.41935483;2
1396863584540;25402868;1221.964;635.5568;0.48387095;2
1396863584558;25402885;1082.5787;623.5126;0.54838705;2
1396863584578;25402907;968.6627;614.1707;0.54838705;2
1396863584595;25402924;846.24036;603.33417;0.54838705;2
1396863584612;25402941;786.3674;599.6955;0.54838705;2
1396863584629;25402957;728.3194;597.6628;0.54838705;2
1396863584648;25402971;688.28564;595.9822;0.54838705;2
1396863584662;25402991;663.7766;596.4286;0.54838705;2
1396863584677;25402998;654.8572;593.75;0.516129;2
1396863584679;25403010;654.8572;593.75;0.516129;1
1396863585702;25404032;1786.2858;641.0714;0.41935483;0
1396863585737;25404065;1766.2625;614.8239;0.516129;2
1396863585756;25404082;1711.8123;602.12274;0.54838705;2
1396863585771;25404099;1616.3341;597.54395;0.54838705;2
1396863585787;25404116;1456.6091;594.1242;0.54838705;2
1396863585805;25404133;1310.6511;590.3026;0.54838705;2
1396863585822;25404150;1121.7941;582.1527;0.61290324;2
1396863585838;25404167;1035.2959;578.4127;0.6451613;2
1396863585855;25404183;833.34576;576.7857;0.7096774;2
1396863585874;25404200;697.4783;579.81714;0.7419355;2
1396863585889;25404217;589.633;583.2141;0.7741935;2
1396863585906;25404234;449.70786;585.7143;0.7419355;2
1396863585922;25404251;393.61774;585.1446;0.7419355;2
1396863585939;25404267;331.7803;582.32007;0.7419355;2
1396863585956;25404284;273.49814;578.207;0.7419355;2
1396863585976;25404301;249.383;577.35175;0.7096774;2
1396863585990;25404318;214.26732;575.2659;0.7419355;2
1396863586007;25404335;205.42915;575.0;0.7096774;2
1396863586021;25404341;204.0;575.0;0.6774193;2
1396863586024;25404353;204.0;575.0;0.6774193;1
1396863587116;25405447;1272.8572;643.75;0.6774193;0
1396863587148;25405476;1256.2451;641.01776;0.7419355;2
1396863587165;25405493;1215.226;642.3451;0.6774193;2
1396863587181;25405510;1166.726;644.3062;0.61290324;2
1396863587198;25405527;1109.299;644.6428;0.61290324;2
1396863587215;25405544;1051.8649;641.6864;0.6774193;2
1396863587234;25405560;994.9666;638.0786;0.7419355;2
1396863587249;25405577;961.41284;636.8011;0.7096774;2
1396863587265;25405594;916.8344;638.91266;0.7419355;2
1396863587281;25405603;891.4286;641.9643;0.6774193;2
1396863587288;25405615;891.4286;641.9643;0.6774193;1
1396863588343;25406675;1467.4286;643.75;0.41935483;0
1396863588374;25406703;1433.8645;634.56384;0.516129;2
1396863588391;25406719;1376.7227;629.18646;0.54838705;2
1396863588408;25406736;1302.9945;626.40643;0.61290324;2
1396863588424;25406753;1241.3334;623.75995;0.61290324;2
1396863588441;25406770;1086.5286;617.0746;0.61290324;2
1396863588460;25406786;952.3181;612.63367;0.61290324;2
1396863588474;25406803;863.73065;610.7093;0.61290324;2
1396863588491;25406820;766.1378;610.7143;0.61290324;2
1396863588510;25406837;699.7946;610.7143;0.61290324;2
1396863588525;25406854;635.04535;610.7143;0.61290324;2
1396863588542;25406870;583.619;609.8214;0.61290324;2
1396863588558;25406891;583.619;609.8214;0.61290324;1
1396863589821;25408154;630.0;661.6071;0.41935483;0
1396863589871;25408197;688.1598;653.1544;0.41935483;2
1396863589885;25408214;757.58575;646.10156;0.48387095;2
1396863589903;25408231;833.73895;639.9088;0.516129;2
1396863589919;25408248;915.5318;631.4764;0.58064514;2
1396863589936;25408264;996.01984;622.8066;0.58064514;2
1396863589953;25408281;1033.4529;619.12195;0.58064514;2
1396863589970;25408298;1085.6412;614.115;0.58064514;2
1396863589986;25408315;1115.5908;613.786;0.58064514;2
1396863590006;25408326;1123.7144;615.1786;0.61290324;2
1396863590009;25408337;1123.7144;615.1786;0.61290324;1
1396863591032;25409365;1765.7144;624.1071;0.41935483;0
1396863591092;25409420;1700.1268;606.20123;0.41935483;2
1396863591108;25409437;1544.0978;594.1984;0.41935483;2
1396863591126;25409454;1464.1343;588.88745;0.41935483;2
1396863591142;25409471;1266.6011;572.79;0.4516129;2
1396863591160;25409488;1024.9847;558.20044;0.4516129;2
1396863591176;25409504;840.7522;557.1859;0.4516129;2
1396863591192;25409521;695.3374;564.87885;0.516129;2
1396863591212;25409541;522.5393;580.65344;0.516129;2
1396863591229;25409557;440.9843;586.9538;0.516129;2
1396863591246;25409574;377.79535;590.27496;0.516129;2
1396863591263;25409591;349.2503;591.0714;0.516129;2
1396863591279;25409608;298.4048;587.5177;0.516129;2
1396863591296;25409625;277.12802;583.9689;0.516129;2
1396863591313;25409641;271.2379;581.8947;0.516129;2
1396863591319;25409652;271.2379;581.8947;0.516129;1
1396863592316;25410650;1806.8572;665.1786;0.6774193;0
1396863592355;25410683;1724.0264;640.6287;0.7419355;2
1396863592371;25410700;1537.7092;625.056;0.7419355;2
1396863592388;25410717;1406.2606;617.03015;0.6451613;2
1396863592405;25410733;1214.1626;612.02954;0.61290324;2
1396863592422;25410750;1015.26135;608.254;0.61290324;2
1396863592438;25410767;843.4347;606.2076;0.61290324;2
1396863592455;25410784;797.85944;605.26843;0.61290324;2
1396863592472;25410801;594.97516;601.8396;0.61290324;2
1396863592489;25410817;457.49716;600.8928;0.61290324;2
1396863592506;25410834;393.18204;601.9558;0.61290324;2
1396863592522;25410851;333.29633;603.5714;0.61290324;2
1396863592539;25410868;289.32477;602.7982;0.61290324;2
1396863592557;25410884;271.0056;601.63806;0.61290324;2
1396863592573;25410900;261.0;598.21423;0.54838705;2
1396863592584;25410917;261.0;598.21423;0.54838705;1
1396863593547;25411880;1449.4286;620.5357;0.41935483;0
1396863593581;25411909;1385.3367;606.515;0.41935483;2
1396863593597;25411926;1315.6079;603.4083;0.41935483;2
1396863593618;25411943;1201.5731;604.4643;0.41935483;2
1396863593631;25411960;1069.0537;603.94507;0.41935483;2
1396863593648;25411973;1006.7143;602.2322;0.41935483;2
1396863593665;25411993;931.94324;597.9086;0.41935483;2
1396863593681;25412010;757.2473;594.0263;0.41935483;2
1396863593699;25412027;679.5578;599.40625;0.41935483;2
1396863593715;25412044;593.3166;612.17224;0.41935483;2
1396863593732;25412060;531.2594;621.845;0.38709676;2
1396863593736;25412069;531.2594;621.845;0.38709676;1
1396863595514;25413846;1243.7144;630.3571;0.41935483;0
1396863595580;25413909;1216.3348;614.44275;0.41935483;2
1396863595597;25413926;1178.6349;600.91486;0.48387095;2
1396863595613;25413941;1136.5168;587.63794;0.54838705;2
1396863595631;25413958;1114.9448;581.0314;0.54838705;2
1396863595646;25413975;1062.6146;569.4064;0.58064514;2
1396863595663;25413992;1008.75616;562.5909;0.58064514;2
1396863595680;25414009;960.89716;561.6071;0.61290324;2
1396863595697;25414025;925.5311;565.0019;0.6451613;2
1396863595714;25414042;904.17065;569.2264;0.61290324;2
1396863595729;25414051;896.5714;570.5357;0.54838705;2
1396863595732;25414063;896.5714;570.5357;0.54838705;1
1396863596793;25415124;637.7143;661.6071;0.41935483;0
1396863596825;25415151;654.1907;649.4543;0.41935483;2
1396863596839;25415168;708.3038;630.5564;0.41935483;2
1396863596856;25415184;776.0982;618.2857;0.41935483;2
1396863596873;25415201;846.50446;608.08826;0.41935483;2
1396863596891;25415218;904.4035;597.94257;0.41935483;2
1396863596906;25415234;954.89545;585.92755;0.48387095;2
1396863596923;25415248;992.1428;577.2322;0.516129;2
1396863596939;25415268;1013.08923;572.9482;0.54838705;2
1396863596957;25415285;1054.5065;569.0017;0.61290324;2
1396863596973;25415302;1089.7904;566.9643;0.61290324;2
1396863596990;25415319;1114.162;566.9643;0.516129;2
1396863596997;25415330;1114.162;566.9643;0.516129;1
1396863597906;25416239;1446.0;666.0714;0.41935483;0
1396863597931;25416259;1393.4368;645.06396;0.48387095;2
1396863597948;25416276;1332.2865;633.568;0.54838705;2
1396863597965;25416293;1249.8309;623.9076;0.58064514;2
1396863597981;25416310;1099.7437;611.50476;0.58064514;2
1396863597998;25416326;1011.70953;606.39496;0.58064514;2
1396863598015;25416338;931.7143;602.2321;0.58064514;2
1396863598032;25416360;785.7844;604.39795;0.58064514;2
1396863598048;25416377;661.69604;617.12616;0.6451613;2
1396863598067;25416394;598.00793;625.51056;0.6451613;2
1396863598083;25416410;556.9106;631.35315;0.6774193;2
1396863598099;25416427;536.43475;633.0357;0.7419355;2
1396863598118;25416444;526.91;633.0357;0.7419355;2
1396863598135;25416461;522.7109;633.0357;0.7419355;2
1396863598149;25416472;520.28577;633.0357;0.7419355;2
1396863598166;25416494;519.0;633.0357;0.7419355;2
1396863598183;25416511;521.12244;633.0357;0.6774193;2
1396863598197;25416518;522.8572;633.0357;0.61290324;2
1396863598202;25416531;522.8572;633.0357;0.61290324;1
1396863599163;25417495;1242.0;621.4286;0.41935483;0
1396863599191;25417519;1228.1495;613.75037;0.41935483;2
1396863599208;25417536;1196.3658;604.3789;0.48387095;2
1396863599224;25417553;1150.5142;597.49005;0.48387095;2
1396863599241;25417570;1127.1815;596.39307;0.48387095;2
1396863599258;25417586;1077.8971;595.5357;0.48387095;2
1396863599274;25417603;1029.7411;594.28436;0.48387095;2
1396863599291;25417620;985.5667;590.67413;0.48387095;2
1396863599308;25417637;958.9952;588.381;0.516129;2
1396863599326;25417654;929.58167;587.5;0.58064514;2
1396863599342;25417670;885.30756;588.0162;0.58064514;2
1396863599359;25417687;857.54065;590.00934;0.58064514;2
1396863599378;25417704;844.43475;591.9404;0.58064514;2
1396863599392;25417721;819.3245;596.87384;0.58064514;2
1396863599410;25417734;804.4286;596.4286;0.48387095;2
1396863599412;25417743;804.4286;596.4286;0.48387095;1
1396863600563;25418894;138.85715;646.4286;0.6451613;0
1396863600627;25418956;247.7164;626.3966;0.61290324;2
1396863600644;25418972;419.404;611.7245;0.61290324;2
1396863600669;25418997;622.7344;601.1605;0.61290324;2
1396863600685;25419011;775.71423;596.4286;0.61290324;2
1396863600702;25419031;864.49347;596.4286;0.61290324;2
1396863600719;25419047;1112.5269;609.2617;0.61290324;2
1396863600735;25419064;1251.078;625.1399;0.61290324;2
1396863600753;25419081;1363.9208;641.6498;0.61290324;2
1396863600770;25419098;1466.8804;654.2286;0.61290324;2
1396863600786;25419115;1529.3998;662.01843;0.61290324;2
1396863600803;25419131;1570.3414;666.6449;0.61290324;2
1396863600826;25419148;1579.3047;667.79614;0.61290324;2
1396863600837;25419165;1588.1447;669.6428;0.61290324;2
1396863600854;25419182;1592.919;669.6428;0.61290324;2
1396863600872;25419199;1596.1001;669.6428;0.61290324;2
1396863600887;25419215;1598.1641;669.6428;0.61290324;2
1396863600904;25419232;1600.2217;669.6428;0.61290324;2
1396863600922;25419249;1602.2107;669.6428;0.61290324;2
1396863600938;25419266;1605.4285;669.6428;0.61290324;2
1396863600954;25419283;1607.5618;669.6428;0.61290324;2
1396863600971;25419300;1614.3917;667.7551;0.61290324;2
1396863600988;25419316;1622.6321;665.6092;0.61290324;2
1396863601005;25419333;1630.7668;662.6958;0.61290324;2
1396863601023;25419350;1638.7002;658.5639;0.61290324;2
1396863601038;25419367;1646.8362;654.3264;0.61290324;2
1396863601056;25419384;1654.7769;650.1906;0.61290324;2
1396863601072;25419395;1660.2856;645.9821;0.6774193;2
1396863601089;25419417;1665.5914;641.79456;0.61290324;2
1396863601106;25419434;1671.5641;635.5732;0.61290324;2
1396863601126;25419451;1676.1425;630.80396;0.61290324;2
1396863601139;25419468;1680.6554;625.7617;0.61290324;2
1396863601156;25419485;1684.6279;621.0721;0.61290324;2
1396863601173;25419501;1683.6995;614.2624;0.58064514;2
1396863601178;25419512;1683.6995;614.2624;0.58064514;1
1396863602158;25420491;479.14285;624.1071;0.41935483;0
1396863602197;25420526;494.1954;621.47754;0.41935483;2
1396863602214;25420542;543.2379;620.5357;0.41935483;2
1396863602231;25420559;612.03784;619.8255;0.41935483;2
1396863602248;25420576;686.59094;615.7414;0.41935483;2
1396863602265;25420593;786.09894;609.1406;0.41935483;2
1396863602281;25420610;842.8448;603.84796;0.41935483;2
1396863602298;25420627;997.281;594.66736;0.41935483;2
1396863602316;25420643;1089.1771;593.75;0.41935483;2
1396863602332;25420660;1151.7875;593.75;0.41935483;2
1396863602348;25420677;1215.435;594.6428;0.41935483;2
1396863602369;25420694;1271.6996;594.6428;0.41935483;2
1396863602382;25420711;1318.5061;593.75;0.41935483;2
1396863602399;25420725;1344.4286;593.75;0.41935483;2
1396863602416;25420744;1358.998;593.75;0.41935483;2
1396863602435;25420761;1374.7379;595.8126;0.41935483;2
1396863602449;25420778;1384.8676;597.9194;0.41935483;2
1396863602466;25420795;1391.1447;600.0006;0.41935483;2
1396863602485;25420812;1395.3201;602.17566;0.41935483;2
1396863602500;25420828;1398.71;604.311;0.41935483;2
1396863602514;25420836;1400.5714;606.25;0.38709676;2
1396863602519;25420847;1400.5714;606.25;0.38709676;1
1396863603502;25421833;659.1429;647.3214;0.6774193;0
1396863603542;25421870;717.95154;642.8571;0.6451613;2
1396863603559;25421887;786.33276;642.8571;0.61290324;2
1396863603575;25421904;858.50726;639.0257;0.61290324;2
1396863603591;25421920;929.4632;628.09235;0.61290324;2
1396863603608;25421937;994.65967;614.55194;0.61290324;2
1396863603625;25421949;1034.1428;606.6965;0.61290324;2
1396863603642;25421970;1069.9078;598.9508;0.61290324;2
1396863603659;25421987;1096.6356;595.7134;0.61290324;2
1396863603668;25421989;1098.0;595.5357;0.6451613;2
1396863603673;25422002;1098.0;595.5357;0.6451613;1
1396863605607;25423940;97.71429;630.3571;0.41935483;0
1396863605660;25423987;142.0491;624.3385;0.41935483;2
1396863605676;25424004;178.4311;623.2103;0.48387095;2
1396863605692;25424021;328.16516;622.3214;0.516129;2
1396863605709;25424037;524.4687;619.14703;0.58064514;2
1396863605726;25424054;628.78986;614.9518;0.58064514;2
1396863605743;25424071;851.57544;602.2552;0.58064514;2
1396863605759;25424088;1041.486;594.9418;0.58064514;2
1396863605776;25424105;1186.9656;593.9673;0.58064514;2
1396863605793;25424121;1370.5715;597.3215;0.58064514;2
1396863605813;25424138;1464.1274;600.5057;0.58064514;2
1396863605828;25424155;1622.0637;604.6622;0.58064514;2
1396863605844;25424172;1697.3579;606.25;0.58064514;2
1396863605861;25424189;1742.8002;607.1428;0.58064514;2
1396863605878;25424206;1761.0867;607.1428;0.58064514;2
1396863605894;25424222;1769.2485;607.1428;0.58064514;2
1396863605911;25424239;1774.4686;607.1428;0.58064514;2
1396863605931;25424256;1775.6969;607.1428;0.58064514;2
1396863605945;25424273;1775.3026;607.1428;0.58064514;2
1396863605961;25424290;1773.5125;608.0357;0.58064514;2
1396863605978;25424307;1769.6111;608.0357;0.58064514;2
1396863605995;25424323;1765.6718;608.0357;0.58064514;2
1396863606011;25424340;1761.6085;608.0357;0.58064514;2
1396863606028;25424357;1744.2594;598.4428;0.48387095;2
1396863606033;25424367;1744.2594;598.4428;0.48387095;1
1396863607020;25425353;1808.5714;643.75;0.41935483;0
1396863607101;25425429;1706.598;622.5367;0.54838705;2
1396863607118;25425446;1629.4966;617.71423;0.54838705;2
1396863607134;25425463;1418.1168;603.7446;0.54838705;2
1396863607154;25425479;1228.2823;594.6815;0.54838705;2
1396863607167;25425496;1041.7617;590.1786;0.54838705;2
1396863607187;25425516;891.8042;591.1815;0.54838705;2
1396863607204;25425533;738.7196;591.9643;0.54838705;2
1396863607221;25425549;640.4623;592.8571;0.54838705;2
1396863607238;25425562;587.1429;592.8571;0.54838705;2
1396863607255;25425583;524.4635;592.5299;0.54838705;2
1396863607272;25425600;421.2838;589.6156;0.54838705;2
1396863607288;25425617;374.92575;587.3399;0.61290324;2
1396863607305;25425633;351.45187;585.2295;0.61290324;2
1396863607322;25425650;335.2513;583.1794;0.6451613;2
1396863607339;25425667;320.41324;581.03845;0.7419355;2
1396863607355;25425684;311.182;580.3571;0.7419355;2
1396863607372;25425701;307.34927;580.3571;0.7419355;2
1396863607380;25425703;306.85715;580.3571;0.7096774;2
1396863607382;25425713;306.85715;580.3571;0.7096774;1
1396863608459;25426790;183.42857;643.75;0.41935483;0
1396863608481;25426810;216.26414;630.293;0.41935483;2
1396863608499;25426827;300.36578;615.67896;0.41935483;2
1396863608514;25426843;453.1126;607.29584;0.41935483;2
1396863608530;25426859;575.56866;606.25;0.41935483;2
1396863608547;25426875;775.3716;606.25;0.41935483;2
1396863608567;25426892;929.1941;602.5551;0.41935483;2
1396863608581;25426909;1089.6367;597.18097;0.41935483;2
1396863608597;25426926;1338.9093;593.75;0.41935483;2
1396863608615;25426943;1518.8937;600.8953;0.41935483;2
1396863608631;25426960;1586.9878;605.99414;0.41935483;2
1396863608648;25426976;1655.3503;611.1026;0.41935483;2
1396863608665;25426993;1707.3026;613.4647;0.41935483;2
1396863608684;25427010;1732.2832;614.2857;0.41935483;2
1396863608698;25427027;1737.6173;615.0045;0.41935483;2
1396863608719;25427044;1742.37;616.85944;0.41935483;2
1396863608733;25427061;1743.4286;618.98035;0.54838705;2
1396863608749;25427078;1742.9119;621.0739;0.54838705;2
1396863608772;25427095;1740.888;621.4286;0.54838705;2
1396863608785;25427111;1738.9507;621.4286;0.58064514;2
1396863608799;25427128;1735.6312;621.4286;0.6451613;2
1396863608818;25427145;1730.7437;621.4286;0.61290324;2
1396863608837;25427163;1726.7777;620.4406;0.61290324;2
1396863608852;25427180;1717.5779;617.6217;0.61290324;2
1396863608868;25427197;1705.4113;613.26654;0.61290324;2
1396863608886;25427214;1697.5836;610.2721;0.61290324;2
1396863608902;25427231;1691.4187;607.3344;0.61290324;2
1396863608920;25427247;1684.2085;602.7928;0.6451613;2
1396863608929;25427252;1680.8572;600.0;0.58064514;2
1396863608931;25427263;1680.8572;600.0;0.58064514;1
1396863610539;25428870;1233.4286;618.75;0.41935483;0
1396863610615;25428944;1223.1066;610.10645;0.41935483;2
1396863610632;25428961;1199.8779;603.83514;0.41935483;2
1396863610649;25428977;1152.0171;590.42377;0.48387095;2
1396863610665;25428993;1098.5344;577.76294;0.58064514;2
1396863610681;25429010;1038.7501;569.13885;0.6451613;2
1396863610698;25429027;1006.0628;565.9125;0.6774193;2
1396863610715;25429044;940.61005;564.2857;0.6774193;2
1396863610732;25429060;887.1622;566.4418;0.6451613;2
1396863610748;25429076;855.8572;569.1964;0.61290324;2
1396863610751;25429084;855.8572;569.1964;0.61290324;1
1396863611746;25430077;672.0;669.6428;0.41935483;0
1396863611791;25430119;712.2511;658.9668;0.41935483;2
1396863611807;25430136;774.58545;651.3937;0.41935483;2
1396863611824;25430153;839.78516;644.1627;0.41935483;2
1396863611842;25430170;908.1465;630.99976;0.48387095;2
1396863611859;25430187;971.9011;614.8784;0.48387095;2
1396863611875;25430203;1019.06433;601.00665;0.48387095;2
1396863611892;25430220;1033.8546;596.6322;0.48387095;2
1396863611910;25430237;1044.4891;595.5357;0.48387095;2
1396863611926;25430254;1050.8131;594.95575;0.48387095;2
1396863611942;25430271;1058.8744;592.555;0.38709676;2
1396863611947;25430281;1058.8744;592.555;0.38709676;1
1396863612933;25431263;165.42857;634.8214;0.41935483;0
1396863612983;25431311;211.29373;621.5961;0.41935483;2
1396863613000;25431328;311.2737;609.9785;0.41935483;2
1396863613022;25431345;468.01315;598.7203;0.41935483;2
1396863613033;25431362;582.12604;590.15;0.41935483;2
1396863613050;25431378;763.81866;570.8056;0.516129;2
1396863613067;25431395;902.641;560.1746;0.516129;2
1396863613085;25431412;974.8405;555.53033;0.516129;2
1396863613101;25431429;1179.3091;545.8257;0.516129;2
1396863613118;25431446;1303.0282;543.75;0.516129;2
1396863613134;25431462;1388.2557;542.0756;0.516129;2
1396863613151;25431479;1477.9629;539.4943;0.516129;2
1396863613168;25431496;1538.1816;537.48376;0.516129;2
1396863613184;25431513;1588.1293;535.3394;0.516129;2
1396863613202;25431527;1614.0;534.8214;0.516129;2
1396863613219;25431546;1620.8533;534.8214;0.516129;2
1396863613235;25431563;1630.303;534.8214;0.516129;2
1396863613252;25431580;1636.2167;534.8214;0.516129;2
1396863613269;25431597;1640.6113;535.7351;0.516129;2
1396863613285;25431614;1644.6294;537.8278;0.516129;2
1396863613302;25431630;1648.7985;539.9992;0.516129;2
1396863613319;25431647;1652.8751;543.1735;0.516129;2
1396863613336;25431664;1655.4404;545.8457;0.516129;2
1396863613353;25431681;1658.8741;549.4224;0.516129;2
1396863613369;25431698;1662.8236;553.5364;0.516129;2
1396863613387;25431714;1666.7445;556.48895;0.61290324;2
1396863613403;25431731;1670.7269;558.5631;0.61290324;2
1396863613420;25431748;1673.9791;560.69257;0.61290324;2
1396863613434;25431755;1674.8572;561.6071;0.48387095;2
1396863613436;25431767;1674.8572;561.6071;0.48387095;1
1396863614242;25432572;1252.2858;637.5;0.41935483;0
1396863614277;25432605;1228.7747;623.4873;0.41935483;2
1396863614294;25432622;1179.9965;615.33765;0.41935483;2
1396863614311;25432639;1119.3939;613.13245;0.41935483;2
1396863614327;25432656;1059.3468;610.7903;0.41935483;2
1396863614344;25432672;1018.88544;608.2359;0.41935483;2
1396863614360;25432689;954.43945;600.5927;0.41935483;2
1396863614378;25432706;898.3121;591.57153;0.516129;2
1396863614395;25432723;846.1542;584.07904;0.54838705;2
1396863614411;25432740;824.0765;581.3039;0.61290324;2
1396863614429;25432757;816.21765;581.25;0.7096774;2
1396863614446;25432773;813.8571;581.25;0.6451613;2
1396863614462;25432790;815.5715;581.25;0.6774193;2
1396863614472;25432803;815.5715;581.25;0.6774193;1
1396863615453;25433783;474.0;653.5714;0.41935483;0
1396863615500;25433827;506.10205;639.9847;0.516129;2
1396863615515;25433843;580.7052;626.7653;0.516129;2
1396863615531;25433860;689.2796;611.908;0.516129;2
1396863615548;25433871;810.0;595.53564;0.516129;2
1396863615570;25433899;918.6929;578.03455;0.54838705;2
1396863615588;25433915;1085.0562;557.5807;0.54838705;2
1396863615604;25433932;1152.4364;555.3571;0.54838705;2
1396863615620;25433949;1216.3796;557.9268;0.58064514;2
1396863615639;25433966;1274.5812;566.6092;0.61290324;2
1396863615655;25433983;1314.0089;575.7576;0.61290324;2
1396863615671;25433999;1335.426;581.2493;0.61290324;2
1396863615688;25434016;1341.906;583.1778;0.61290324;2
1396863615706;25434033;1350.6006;586.22046;0.61290324;2
1396863615725;25434050;1355.9149;588.3485;0.61290324;2
1396863615741;25434067;1359.6901;590.4509;0.61290324;2
1396863615755;25434083;1361.6588;592.5017;0.61290324;2
1396863615775;25434100;1362.0;594.46594;0.61290324;2
1396863615788;25434117;1360.9462;595.5357;0.61290324;2
1396863615807;25434133;1359.0;595.5357;0.61290324;2
1396863615823;25434151;1358.5879;593.7328;0.516129;2
1396863615829;25434162;1358.5879;593.7328;0.516129;1
1396863616646;25434977;1726.2858;623.2143;0.41935483;0
1396863616693;25435021;1735.7382;618.75;0.41935483;2
1396863616711;25435038;1731.531;619.0858;0.48387095;2
1396863616727;25435055;1693.0359;621.14264;0.516129;2
1396863616743;25435072;1596.0192;619.584;0.61290324;2
1396863616760;25435089;1436.2573;610.4938;0.61290324;2
1396863616777;25435105;1294.1017;602.0735;0.61290324;2
1396863616794;25435122;1088.3523;593.41156;0.61290324;2
1396863616811;25435139;964.2402;592.8571;0.61290324;2
1396863616830;25435159;827.992;596.8001;0.61290324;2
1396863616850;25435175;605.1283;607.9121;0.61290324;2
1396863616864;25435192;507.47928;613.5174;0.6774193;2
1396863616881;25435209;436.26373;616.9125;0.7419355;2
1396863616898;25435226;373.73822;617.5935;0.7096774;2
1396863616914;25435243;325.55563;615.51086;0.6451613;2
1396863616931;25435259;298.63873;613.3451;0.61290324;2
1396863616950;25435276;292.14856;612.29285;0.61290324;2
1396863616964;25435293;284.76022;610.1846;0.61290324;2
1396863616981;25435310;281.17065;608.9286;0.61290324;2
1396863616999;25435327;279.12088;608.9286;0.61290324;2
1396863617029;25435345;280.2857;608.9286;0.61290324;2
1396863617032;25435363;280.2857;608.9286;0.61290324;1
1396863617914;25436246;1245.4286;633.0357;0.6774193;0
1396863617956;25436285;1209.9834;636.86194;0.7096774;2
1396863617973;25436302;1154.6335;640.1763;0.6451613;2
1396863617991;25436319;1098.7374;640.76917;0.6451613;2
1396863618006;25436335;1047.9064;636.0672;0.6451613;2
1396863618023;25436352;996.39014;630.5398;0.6451613;2
1396863618040;25436363;964.71423;629.0179;0.6451613;2
1396863618057;25436385;936.25885;628.99536;0.6451613;2
1396863618074;25436402;915.5814;632.7727;0.6451613;2
1396863618091;25436418;906.8572;633.0357;0.516129;2
1396863618095;25436427;906.8572;633.0357;0.516129;1
1396863619028;25437358;703.7143;655.3571;0.6774193;0
1396863619081;25437407;764.5062;649.1109;0.6774193;2
1396863619096;25437424;839.849;645.6165;0.61290324;2
1396863619113;25437441;918.47455;635.4831;0.6451613;2
1396863619129;25437457;968.5715;625.8928;0.61290324;2
1396863619149;25437477;1013.4343;613.47235;0.61290324;2
1396863619169;25437494;1039.9714;606.2054;0.61290324;2
1396863619182;25437511;1045.6348;606.25;0.61290324;2
1396863619186;25437519;1045.6348;606.25;0.61290324;1
1396863620053;25438385;723.4286;684.8214;0.41935483;0
1396863620119;25438448;788.07367;672.1946;0.41935483;2
1396863620136;25438464;858.5071;665.05676;0.41935483;2
1396863620154;25438483;931.83966;654.2596;0.41935483;2
1396863620171;25438500;987.84186;642.4309;0.516129;2
1396863620188;25438517;1027.2927;635.30444;0.516129;2
1396863620205;25438534;1043.7682;634.8214;0.54838705;2
1396863620222;25438550;1055.8873;636.7364;0.6451613;2
1396863620239;25438567;1060.5688;637.79694;0.61290324;2
1396863620256;25438584;1066.9108;638.3928;0.6451613;2
1396863620263;25438585;1067.1428;638.3928;0.58064514;2
1396863620266;25438597;1067.1428;638.3928;0.58064514;1
1396863621807;25440138;97.71429;650.8928;0.6451613;0
1396863621837;25440166;123.180984;643.5748;0.6451613;2
1396863621855;25440183;208.02371;631.25757;0.6451613;2
1396863621871;25440199;375.02502;623.53064;0.6451613;2
1396863621888;25440216;505.5736;624.13275;0.6774193;2
1396863621905;25440226;637.71436;625.4464;0.6451613;2
1396863621923;25440250;823.68445;621.37024;0.6451613;2
1396863621939;25440267;1066.0421;614.4322;0.61290324;2
1396863621955;25440284;1236.0651;614.4672;0.61290324;2
1396863621972;25440300;1359.7654;617.88477;0.61290324;2
1396863621991;25440317;1480.3982;621.3403;0.61290324;2
1396863622006;25440334;1540.518;624.2589;0.61290324;2
1396863622023;25440351;1592.6749;624.5683;0.6774193;2
1396863622040;25440368;1616.6813;624.1071;0.6451613;2
1396863622057;25440385;1633.141;624.1071;0.61290324;2
1396863622074;25440402;1635.4286;624.55237;0.6774193;2
1396863622090;25440415;1635.4286;626.33923;0.58064514;2
1396863622093;25440424;1635.4286;626.33923;0.58064514;1
1396863623062;25441391;688.2857;679.4643;0.41935483;0
1396863623110;25441438;729.79144;662.0904;0.48387095;2
1396863623127;25441452;774.4286;650.4464;0.54838705;2
1396863623143;25441472;814.2186;643.46405;0.58064514;2
1396863623160;25441488;901.48816;632.6958;0.61290324;2
1396863623183;25441509;976.9522;623.2738;0.61290324;2
1396863623197;25441526;1017.2217;619.0413;0.61290324;2
1396863623214;25441543;1037.8301;617.8571;0.61290324;2
1396863623231;25441559;1051.1067;619.38855;0.54838705;2
1396863623240;25441561;1052.5714;619.6428;0.48387095;2
1396863623242;25441573;1052.5714;619.6428;0.48387095;1
1396863624228;25442559;527.1429;625.0;0.41935483;0
1396863624269;25442595;599.67035;619.54193;0.41935483;2
1396863624283;25442612;679.51764;619.2203;0.41935483;2
1396863624300;25442628;840.91644;611.2989;0.41935483;2
1396863624318;25442645;920.5807;604.29333;0.41935483;2
1396863624340;25442668;1053.9819;589.6185;0.41935483;2
1396863624356;25442685;1169.3849;581.6918;0.48387095;2
1396863624373;25442702;1255.8846;583.82135;0.516129;2
1396863624390;25442718;1307.6635;589.0103;0.516129;2
1396863624407;25442735;1338.8986;592.6375;0.516129;2
1396863624424;25442752;1355.4912;594.8222;0.516129;2
1396863624441;25442769;1367.4517;594.6428;0.516129;2
1396863624457;25442781;1374.0;594.6428;0.516129;2
1396863624474;25442803;1377.2146;593.415;0.54838705;2
1396863624478;25442812;1377.2146;593.415;0.54838705;1
1396863625318;25443649;221.14285;649.1071;0.41935483;0
1396863625378;25443706;274.42212;635.9161;0.54838705;2
1396863625394;25443723;405.42038;626.21234;0.54838705;2
1396863625411;25443739;557.4924;614.9735;0.54838705;2
1396863625427;25443756;619.1043;609.07416;0.54838705;2
1396863625448;25443777;943.4122;590.74036;0.54838705;2
1396863625469;25443794;1141.837;594.0359;0.54838705;2
1396863625482;25443811;1276.517;607.46716;0.54838705;2
1396863625499;25443828;1435.9136;635.11523;0.54838705;2
1396863625516;25443844;1502.1722;646.08685;0.54838705;2
1396863625533;25443861;1559.4288;653.0715;0.54838705;2
1396863625549;25443873;1589.1428;656.25;0.54838705;2
1396863625566;25443895;1597.1217;657.43494;0.54838705;2
1396863625583;25443912;1603.2632;659.5864;0.54838705;2
1396863625601;25443928;1605.4286;661.4644;0.54838705;2
1396863625612;25443934;1605.4286;660.7143;0.516129;2
1396863625615;25443946;1605.4286;660.7143;0.516129;1
1396863626671;25445002;745.7143;630.3571;0.41935483;0
1396863626708;25445037;755.2939;628.5428;0.516129;2
1396863626725;25445054;785.3949;630.7685;0.54838705;2
1396863626744;25445071;820.8214;631.25;0.58064514;2
1396863626759;25445087;906.69653;621.8192;0.58064514;2
1396863626776;25445104;967.8017;611.592;0.58064514;2
1396863626794;25445121;1019.7126;601.60486;0.58064514;2
1396863626809;25445138;1055.394;597.374;0.58064514;2
1396863626826;25445154;1071.4982;598.93835;0.58064514;2
1396863626836;25445158;1074.0;600.8928;0.54838705;2
1396863626839;25445170;1074.0;600.8928;0.54838705;1
1396863627720;25446051;476.57144;682.1428;0.41935483;0
1396863627761;25446087;503.29788;667.3703;0.4516129;2
1396863627777;25446104;573.9293;652.37714;0.516129;2
1396863627791;25446120;674.97833;639.4635;0.516129;2
1396863627808;25446136;787.1035;625.346;0.516129;2
1396863627817;25446140;813.4286;621.4286;0.516129;2
1396863627834;25446162;909.73;610.5405;0.516129;2
1396863627851;25446179;1072.7567;593.8866;0.516129;2
1396863627870;25446196;1134.7983;591.9643;0.516129;2
1396863627886;25446213;1191.746;593.35535;0.516129;2
1396863627902;25446230;1247.5375;596.9398;0.516129;2
1396863627919;25446247;1293.8907;599.8954;0.516129;2
1396863627936;25446263;1314.5092;601.7857;0.516129;2
1396863627952;25446280;1321.5007;602.4555;0.516129;2
1396863627971;25446297;1328.0942;604.29865;0.516129;2
1396863627986;25446314;1333.1923;606.25;0.516129;2
1396863628002;25446331;1337.3026;607.1428;0.516129;2
1396863628022;25446348;1341.3491;607.1428;0.516129;2
1396863628036;25446364;1344.2977;607.1428;0.516129;2
1396863628053;25446381;1346.364;607.1428;0.516129;2
1396863628070;25446398;1348.387;609.034;0.516129;2
1396863628085;25446418;1348.387;609.034;0.516129;1
1396863628847;25447179;1183.7144;619.6428;0.41935483;0
1396863628893;25447221;1150.4514;626.9586;0.54838705;2
1396863628910;25447238;1098.9534;636.2286;0.58064514;2
1396863628927;25447255;1043.8073;640.649;0.58064514;2
1396863628943;25447269;998.1428;641.0714;0.58064514;2
1396863628960;25447288;963.6652;640.117;0.61290324;2
1396863628978;25447305;902.5264;636.20856;0.6451613;2
1396863628995;25447322;851.8723;636.45764;0.6451613;2
1396863629011;25447339;820.4659;638.5926;0.61290324;2
1396863629023;25447344;815.1429;639.2857;0.61290324;2
1396863629025;25447356;815.1429;639.2857;0.61290324;1
1396863629833;25448164;457.7143;658.0357;0.41935483;0
1396863629852;25448180;471.4352;655.3034;0.4516129;2
1396863629872;25448197;528.06805;651.1071;0.4516129;2
1396863629885;25448214;600.31305;651.9736;0.4516129;2
1396863629902;25448231;680.0476;653.5714;0.4516129;2
1396863629923;25448246;823.34906;647.35364;0.4516129;2
1396863629935;25448263;867.5729;643.8175;0.4516129;2
1396863629952;25448280;980.58167;627.5102;0.48387095;2
1396863629969;25448297;1122.8407;608.9303;0.48387095;2
1396863629985;25448314;1187.6908;603.5368;0.48387095;2
1396863630005;25448331;1249.0765;600.5771;0.48387095;2
1396863630022;25448348;1300.104;598.5942;0.48387095;2
1396863630036;25448365;1340.5842;596.2902;0.48387095;2
1396863630052;25448381;1359.5587;595.5357;0.48387095;2
1396863630069;25448397;1366.8916;594.6428;0.48387095;2
1396863630086;25448414;1380.5859;594.6428;0.48387095;2
1396863630102;25448431;1388.6113;594.6428;0.48387095;2
1396863630123;25448448;1394.1592;594.6428;0.48387095;2
1396863630139;25448465;1398.1901;594.6428;0.48387095;2
1396863630153;25448481;1402.3247;594.6428;0.48387095;2
1396863630170;25448498;1407.7587;594.5282;0.41935483;2
1396863630185;25448518;1407.7587;594.5282;0.41935483;1
1396863630954;25449284;166.28572;676.7857;0.41935483;0
1396863630995;25449322;205.09953;667.1506;0.41935483;2
1396863631011;25449339;299.94507;654.68677;0.41935483;2
1396863631027;25449351;423.85715;641.5178;0.41935483;2
1396863631044;25449372;497.83868;635.5407;0.41935483;2
1396863631060;25449389;708.4142;620.0083;0.41935483;2
1396863631080;25449406;897.0712;609.80884;0.41935483;2
1396863631094;25449422;1025.1635;608.31396;0.41935483;2
1396863631110;25449439;1189.8398;613.0741;0.41935483;2
1396863631130;25449456;1326.6195;624.1769;0.48387095;2
1396863631144;25449473;1410.1107;633.80695;0.48387095;2
1396863631161;25449490;1472.2644;640.1277;0.48387095;2
1396863631178;25449506;1535.2612;645.4379;0.48387095;2
1396863631195;25449523;1584.7379;648.4554;0.48387095;2
1396863631211;25449540;1604.124;649.6603;0.48387095;2
1396863631231;25449557;1610.402;650.834;0.48387095;2
1396863631245;25449574;1613.4221;652.9695;0.48387095;2
1396863631250;25449584;1613.4221;652.9695;0.48387095;1
1396863632087;25450418;1435.7144;538.3928;0.41935483;0
1396863632134;25450461;1438.7274;549.37756;0.48387095;2
1396863632150;25450477;1401.1523;565.93524;0.48387095;2
1396863632166;25450494;1362.4795;575.3961;0.48387095;2
1396863632187;25450514;1248.6603;586.2209;0.48387095;2
1396863632205;25450531;1104.8015;590.1786;0.48387095;2
1396863632222;25450548;1038.267;590.1786;0.48387095;2
1396863632236;25450565;925.6072;591.9988;0.48387095;2
1396863632253;25450582;842.19556;594.0019;0.48387095;2
1396863632273;25450598;753.5244;597.1898;0.48387095;2
1396863632287;25450615;682.0955;600.62;0.48387095;2
1396863632303;25450632;649.84827;602.55023;0.48387095;2
1396863632321;25450649;600.2071;604.5934;0.48387095;2
1396863632337;25450666;573.683;606.6522;0.48387095;2
1396863632354;25450683;565.7998;608.88403;0.48387095;2
1396863632368;25450689;564.0;609.8214;0.41935483;2
1396863632373;25450702;564.0;609.8214;0.41935483;1
1396863633223;25451554;135.42857;653.5714;0.41935483;0
1396863633295;25451624;205.20345;654.3591;0.54838705;2
1396863633312;25451641;353.93082;656.25;0.54838705;2
1396863633328;25451656;463.68454;654.9006;0.54838705;2
1396863633341;25451669;565.7448;649.5335;0.54838705;2
1396863633358;25451687;734.1309;633.2063;0.61290324;2
1396863633375;25451704;893.0137;618.3824;0.61290324;2
1396863633394;25451720;988.6491;612.54156;0.61290324;2
1396863633409;25451737;1149.4045;611.22546;0.61290324;2
1396863633425;25451754;1292.5037;613.31366;0.61290324;2
1396863633443;25451771;1365.367;615.4496;0.61290324;2
1396863633459;25451788;1433.1139;616.9643;0.61290324;2
1396863633476;25451805;1495.2775;616.9643;0.61290324;2
1396863633493;25451821;1537.2068;616.9643;0.61290324;2
1396863633510;25451836;1553.143;616.9643;0.61290324;2
1396863633526;25451855;1559.3418;616.9643;0.61290324;2
1396863633543;25451872;1566.217;617.3373;0.6774193;2
1396863633560;25451889;1570.8431;617.8571;0.7419355;2
1396863633577;25451906;1574.9397;617.8571;0.7419355;2
1396863633594;25451922;1579.0743;617.8571;0.7419355;2
1396863633611;25451939;1583.1923;617.8571;0.7419355;2
1396863633630;25451956;1587.2825;617.8571;0.7096774;2
1396863633644;25451973;1589.709;617.8571;0.6774193;2
1396863633661;25451990;1592.7128;618.8973;0.54838705;2
1396863633674;25451995;1593.4286;618.75;0.48387095;2
1396863633679;25452008;1593.4286;618.75;0.48387095;1
1396863634483;25452815;122.57143;599.1071;0.41935483;0
1396863634535;25452863;137.68886;596.4286;0.516129;2
1396863634552;25452880;202.4579;593.6706;0.516129;2
1396863634570;25452897;284.3279;588.6111;0.516129;2
1396863634585;25452914;416.88632;574.6682;0.516129;2
1396863634605;25452930;501.0568;565.2226;0.516129;2
1396863634619;25452947;673.9536;548.3409;0.516129;2
1396863634636;25452964;791.92316;543.6247;0.516129;2
1396863634656;25452985;929.62787;541.04675;0.516129;2
1396863634675;25453001;1083.2175;542.21356;0.516129;2
1396863634689;25453018;1233.6705;545.0559;0.516129;2
1396863634706;25453035;1310.832;547.72455;0.516129;2
1396863634723;25453052;1398.001;552.4838;0.516129;2
1396863634741;25453068;1478.3363;560.9419;0.54838705;2
1396863634757;25453085;1534.1189;570.3051;0.58064514;2
1396863634774;25453102;1578.7798;578.7339;0.58064514;2
1396863634790;25453119;1591.5079;582.08417;0.58064514;2
1396863634810;25453136;1605.0072;585.98364;0.58064514;2
1396863634824;25453152;1612.7174;587.9475;0.58064514;2
1396863634841;25453169;1618.5964;589.9889;0.58064514;2
1396863634858;25453186;1624.7091;592.1113;0.58064514;2
1396863634876;25453203;1630.0502;592.8571;0.58064514;2
1396863634892;25453220;1635.7346;592.8571;0.58064514;2
1396863634909;25453237;1638.1326;590.9333;0.48387095;2
1396863634924;25453257;1638.1326;590.9333;0.48387095;1
1396863635642;25453974;124.28571;620.5357;0.41935483;0
1396863635715;25454044;160.57045;616.7709;0.41935483;2
1396863635732;25454061;244.83205;614.64215;0.41935483;2
1396863635748;25454076;398.1457;608.47614;0.41935483;2
1396863635762;25454089;461.58203;604.4526;0.41935483;2
1396863635778;25454106;619.55817;590.25806;0.41935483;2
1396863635795;25454123;754.1199;576.39355;0.48387095;2
1396863635811;25454140;851.24097;569.0731;0.516129;2
1396863635828;25454157;1100.9657;562.3698;0.516129;2
1396863635845;25454174;1257.4519;565.8033;0.516129;2
1396863635862;25454191;1371.5819;573.75476;0.58064514;2
1396863635879;25454208;1495.3137;583.7283;0.61290324;2
1396863635896;25454224;1559.5876;590.71655;0.61290324;2
1396863635913;25454241;1616.2611;598.6203;0.61290324;2
1396863635930;25454258;1636.7311;602.1136;0.61290324;2
1396863635946;25454275;1647.4021;604.2342;0.61290324;2
1396863635963;25454292;1654.703;607.2877;0.61290324;2
1396863635980;25454309;1658.7953;609.4916;0.61290324;2
1396863635997;25454325;1662.0743;611.6846;0.61290324;2
1396863636013;25454342;1664.1257;613.8214;0.61290324;2
1396863636031;25454359;1666.1967;615.9786;0.61290324;2
1396863636047;25454376;1668.0457;617.9047;0.61290324;2
1396863636064;25454393;1669.0746;618.75;0.61290324;2
1396863636081;25454410;1671.2283;618.75;0.61290324;2
1396863636098;25454426;1673.2408;616.8622;0.61290324;2
1396863636114;25454443;1670.6085;611.06335;0.54838705;2
1396863636127;25454445;1669.7144;609.8214;0.48387095;2
1396863636129;25454460;1669.7144;609.8214;0.48387095;1
1396863637392;25455723;538.2857;632.1428;0.41935483;0
1396863637463;25455792;560.17773;631.2307;0.516129;2
1396863637480;25455809;633.42755;628.9187;0.54838705;2
1396863637496;25455822;696.8572;627.2322;0.58064514;2
1396863637508;25455837;737.0608;626.11523;0.61290324;2
1396863637526;25455854;935.4528;613.46295;0.61290324;2
1396863637544;25455871;1024.3574;606.4852;0.61290324;2
1396863637560;25455888;1102.1592;599.54395;0.61290324;2
1396863637576;25455905;1176.7052;591.089;0.61290324;2
1396863637594;25455922;1238.9016;585.09357;0.6451613;2
1396863637610;25455939;1286.2238;581.49133;0.6451613;2
1396863637627;25455952;1305.0;581.25;0.61290324;2
1396863637644;25455972;1311.3778;581.25;0.61290324;2
1396863637661;25455989;1317.5488;581.25;0.61290324;2
1396863637677;25455999;1319.1428;581.25;0.54838705;2
1396863637684;25456011;1319.1428;581.25;0.54838705;1
1396863638539;25456870;419.14285;626.7857;0.41935483;0
1396863638573;25456901;437.96704;622.17834;0.41935483;2
1396863638589;25456914;474.4286;617.4107;0.41935483;2
1396863638608;25456934;517.9477;614.9892;0.41935483;2
1396863638625;25456951;598.9377;613.3928;0.41935483;2
1396863638639;25456968;679.61194;611.51825;0.41935483;2
1396863638656;25456985;783.03046;609.33936;0.41935483;2
1396863638673;25457001;863.6339;606.4111;0.41935483;2
1396863638692;25457018;945.11456;604.15216;0.41935483;2
1396863638706;25457035;1022.1505;602.0557;0.41935483;2
1396863638723;25457052;1060.9513;600.97064;0.41935483;2
1396863638741;25457069;1140.8622;599.76776;0.41935483;2
1396863638757;25457085;1216.421;599.1071;0.41935483;2
1396863638774;25457102;1273.5253;598.2216;0.41935483;2
1396863638791;25457119;1321.7844;596.916;0.41935483;2
1396863638808;25457136;1347.8083;596.4286;0.41935483;2
1396863638827;25457153;1358.8108;596.4286;0.41935483;2
1396863638842;25457169;1367.1428;596.4286;0.41935483;2
1396863638858;25457187;1370.1449;596.4286;0.41935483;2
1396863638876;25457203;1373.9369;596.4286;0.41935483;2
1396863638892;25457220;1375.7144;595.74164;0.41935483;2
1396863638901;25457222;1375.7144;595.5357;0.38709676;2
1396863638903;25457234;1375.7144;595.5357;0.38709676;1
1396863640500;25458833;1832.5714;644.6428;0.41935483;0
1396863640558;25458884;1817.4489;649.276;0.41935483;2
1396863640575;25458901;1774.8949;650.8928;0.41935483;2
1396863640589;25458916;1724.3063;647.3831;0.41935483;2
1396863640600;25458929;1676.3069;639.7742;0.4516129;2
1396863640618;25458946;1594.0367;624.937;0.4516129;2
1396863640636;25458963;1448.2823;602.92883;0.4516129;2
1396863640652;25458980;1349.5715;594.6428;0.4516129;2
1396863640674;25458997;1259.3391;592.77344;0.4516129;2
1396863640685;25459014;1018.3698;595.6701;0.4516129;2
1396863640702;25459031;900.01654;601.7606;0.4516129;2
1396863640719;25459048;802.1635;606.8367;0.4516129;2
1396863640736;25459064;677.50836;612.98846;0.4516129;2
1396863640753;25459081;600.3482;618.7908;0.4516129;2
1396863640772;25459098;521.5158;627.1298;0.516129;2
1396863640787;25459108;478.28574;630.8036;0.516129;2
1396863640803;25459132;418.99255;636.5402;0.54838705;2
1396863640821;25459149;362.16977;640.1953;0.54838705;2
1396863640837;25459165;330.29932;641.0714;0.54838705;2
1396863640854;25459182;309.44464;641.0714;0.61290324;2
1396863640875;25459199;295.47336;641.0714;0.61290324;2
1396863640887;25459216;284.76782;641.7448;0.61290324;2
1396863640904;25459233;277.8874;641.9643;0.61290324;2
1396863640923;25459249;275.29205;641.9643;0.61290324;2
1396863640938;25459266;271.781;641.9643;0.61290324;2
1396863640955;25459283;269.66925;641.9643;0.61290324;2
1396863640973;25459300;270.0;641.0082;0.516129;2
1396863640977;25459310;270.0;641.0082;0.516129;1
1396863642262;25460595;1284.8572;595.5357;0.41935483;0
1396863642320;25460649;1270.0121;595.5357;0.41935483;2
1396863642337;25460666;1225.0138;595.5357;0.41935483;2
1396863642354;25460682;1175.7653;594.41876;0.41935483;2
1396863642371;25460699;1150.7307;593.3901;0.41935483;2
1396863642387;25460716;1091.1323;589.89886;0.41935483;2
1396863642404;25460733;1032.7257;586.7216;0.48387095;2
1396863642423;25460750;977.36414;585.7143;0.516129;2
1396863642438;25460767;930.18353;586.1926;0.54838705;2
1396863642455;25460783;896.42413;586.6071;0.54838705;2
1396863642473;25460800;878.64136;586.6071;0.54838705;2
1396863642489;25460817;868.71436;587.9464;0.54838705;2
1396863642505;25460834;864.9407;587.5;0.54838705;2
1396863642514;25460836;864.0;587.5;0.58064514;2
1396863642520;25460848;864.0;587.5;0.58064514;1
1396863643366;25461697;211.7143;633.0357;0.41935483;0
1396863643410;25461738;234.66193;625.351;0.41935483;2
1396863643427;25461755;303.79956;618.0684;0.41935483;2
1396863643443;25461772;430.10657;609.6513;0.41935483;2
1396863643460;25461789;555.6857;600.92664;0.41935483;2
1396863643477;25461805;713.43475;588.3571;0.41935483;2
1396863643494;25461822;819.45514;578.17676;0.48387095;2
1396863643513;25461842;991.0681;566.26154;0.54838705;2
1396863643532;25461858;1182.38;563.1278;0.61290324;2
1396863643547;25461875;1270.9865;568.16437;0.7096774;2
1396863643564;25461892;1407.5997;578.2309;0.7096774;2
1396863643580;25461909;1475.6233;582.84375;0.6451613;2
1396863643601;25461926;1534.7538;584.8214;0.61290324;2
1396863643617;25461941;1577.143;586.16077;0.61290324;2
1396863643634;25461959;1584.4633;587.4487;0.61290324;2
1396863643647;25461976;1594.417;588.3928;0.61290324;2
1396863643664;25461993;1600.6552;588.3928;0.61290324;2
1396863643681;25462010;1602.939;588.3928;0.61290324;2
1396863643698;25462026;1601.6791;587.1658;0.58064514;2
1396863643701;25462034;1601.6791;587.1658;0.58064514;1
1396863644376;25462708;468.0;595.5357;0.6774193;0
1396863644424;25462750;485.54755;594.32043;0.6774193;2
1396863644438;25462767;502.7271;597.4134;0.61290324;2
1396863644456;25462784;545.33496;603.49445;0.61290324;2
1396863644473;25462800;599.95374;607.1428;0.61290324;2
1396863644488;25462817;666.3681;606.37;0.61290324;2
1396863644505;25462834;741.96533;601.4759;0.61290324;2
1396863644524;25462850;807.6608;596.0844;0.61290324;2
1396863644538;25462867;896.161;589.29364;0.61290324;2
1396863644555;25462884;1048.1979;581.11334;0.6451613;2
1396863644574;25462901;1098.4415;581.6308;0.6451613;2
1396863644589;25462918;1151.1603;583.7232;0.61290324;2
1396863644606;25462934;1200.109;585.8357;0.61290324;2
1396863644623;25462951;1232.5703;587.88257;0.61290324;2
1396863644639;25462968;1259.0881;589.96814;0.61290324;2
1396863644656;25462985;1271.7883;590.1786;0.61290324;2
1396863644674;25463002;1286.7783;591.0714;0.61290324;2
1396863644690;25463018;1301.6405;591.9643;0.61290324;2
1396863644707;25463035;1308.644;591.9643;0.61290324;2
1396863644724;25463052;1313.6658;592.8571;0.61290324;2
1396863644740;25463067;1316.143;594.1964;0.6451613;2
1396863644744;25463076;1316.143;594.1964;0.6451613;1
1396863645484;25463816;668.5714;580.3571;0.6774193;0
1396863645507;25463836;709.2395;582.8603;0.6774193;2
1396863645526;25463853;749.6219;589.0159;0.61290324;2
1396863645541;25463870;766.6734;595.2912;0.61290324;2
1396863645558;25463884;775.28577;600.4464;0.6451613;2
1396863645575;25463903;782.1277;604.72266;0.7096774;2
1396863645593;25463920;803.7557;613.065;0.6774193;2
1396863645608;25463937;846.3607;620.0462;0.7096774;2
1396863645625;25463954;896.3588;619.617;0.6774193;2
1396863645642;25463970;948.3097;614.48206;0.61290324;2
1396863645659;25463987;992.83044;610.3059;0.61290324;2
1396863645675;25464004;1020.2279;609.8214;0.61290324;2
1396863645698;25464027;1035.2104;609.8214;0.61290324;2
1396863645715;25464044;1055.695;609.8214;0.61290324;2
1396863645732;25464060;1068.8088;609.8214;0.61290324;2
1396863645749;25464077;1075.4949;609.8214;0.61290324;2
1396863645766;25464092;1077.8572;611.16077;0.61290324;2
1396863645773;25464102;1077.8572;611.16077;0.61290324;1
1396863646604;25464936;1435.7144;604.4643;0.41935483;0
1396863646668;25464996;1400.561;610.28613;0.48387095;2
1396863646684;25465013;1346.0468;611.6071;0.516129;2
1396863646701;25465024;1307.5714;610.2679;0.516129;2
1396863646717;25465046;1248.172;606.41376;0.516129;2
1396863646740;25465068;1061.0321;592.7453;0.516129;2
1396863646757;25465085;982.1214;590.21893;0.516129;2
1396863646774;25465102;874.76404;590.4314;0.516129;2
1396863646790;25465119;795.01404;592.4971;0.516129;2
1396863646808;25465136;725.2737;595.32385;0.516129;2
1396863646824;25465152;662.9729;599.4959;0.516129;2
1396863646841;25465169;639.55505;601.2521;0.516129;2
1396863646858;25465186;606.11896;604.2521;0.516129;2
1396863646875;25465203;598.70154;606.1056;0.516129;2
1396863646891;25465220;594.53174;607.4818;0.516129;2
1396863646909;25465236;593.1583;609.8375;0.4516129;2
1396863646920;25465242;594.0;610.7143;0.41935483;2
1396863646922;25465254;594.0;610.7143;0.41935483;1
1396863647766;25466098;1436.5714;641.9643;0.41935483;0
1396863647827;25466154;1423.5728;643.0058;0.48387095;2
1396863647843;25466172;1360.302;635.3399;0.516129;2
1396863647860;25466188;1218.183;614.5908;0.516129;2
1396863647876;25466205;1143.4484;607.8886;0.516129;2
1396863647900;25466228;975.33246;600.8928;0.516129;2
1396863647919;25466245;891.8599;603.01324;0.516129;2
1396863647933;25466262;784.3264;610.0204;0.516129;2
1396863647950;25466278;703.7368;618.97687;0.58064514;2
1396863647967;25466295;667.30853;624.5502;0.61290324;2
1396863647984;25466312;599.2876;634.22595;0.61290324;2
1396863648002;25466329;558.6362;639.4261;0.61290324;2
1396863648017;25466345;549.3751;641.54565;0.61290324;2
1396863648034;25466362;549.4067;641.9643;0.61290324;2
1396863648051;25466378;555.4286;641.9643;0.54838705;2
1396863648055;25466387;555.4286;641.9643;0.54838705;1
1396863648755;25467086;226.28572;654.4643;0.41935483;0
1396863648824;25467144;253.3022;648.5799;0.61290324;2
1396863648833;25467161;335.4783;640.0483;0.61290324;2
1396863648841;25467166;363.0;637.5;0.61290324;2
1396863648871;25467200;684.7898;611.2856;0.61290324;2
1396863648888;25467217;884.5898;596.4962;0.61290324;2
1396863648905;25467234;1042.9242;587.8908;0.61290324;2
1396863648923;25467251;1201.9747;586.6071;0.6451613;2
1396863648939;25467268;1359.5566;591.91296;0.61290324;2
1396863648956;25467285;1438.6599;596.614;0.61290324;2
1396863648973;25467297;1496.5715;601.3393;0.61290324;2
1396863648990;25467318;1546.4006;605.93616;0.61290324;2
1396863649006;25467335;1598.4208;610.6568;0.61290324;2
1396863649023;25467352;1621.9532;613.1733;0.61290324;2
1396863649040;25467369;1629.6027;613.3928;0.61290324;2
1396863649057;25467385;1633.2358;613.3928;0.61290324;2
1396863649074;25467400;1635.0;613.3928;0.61290324;2
1396863649132;25467453;1635.4286;614.2857;0.54838705;2
1396863649134;25467465;1635.4286;614.2857;0.54838705;1
1396863649872;25468205;468.85715;650.8928;0.41935483;0
1396863649917;25468245;487.73776;649.2426;0.48387095;2
1396863649934;25468262;557.168;642.9925;0.516129;2
1396863649950;25468279;652.8223;634.40283;0.54838705;2
1396863649969;25468295;808.8087;618.697;0.58064514;2
1396863649984;25468312;841.92645;615.4077;0.58064514;2
1396863650001;25468329;974.27625;603.8107;0.58064514;2
1396863650017;25468346;1104.5371;596.4992;0.58064514;2
1396863650034;25468362;1172.7952;597.86035;0.58064514;2
1396863650051;25468379;1237.3802;603.48016;0.58064514;2
1396863650068;25468396;1293.2852;611.5832;0.58064514;2
1396863650084;25468413;1333.1884;619.8181;0.6774193;2
1396863650101;25468427;1347.8572;624.1072;0.7096774;2
1396863650118;25468446;1352.5864;626.7935;0.7096774;2
1396863650135;25468463;1357.4196;628.8644;0.7096774;2
1396863650151;25468480;1360.9042;631.0014;0.7419355;2
1396863650168;25468497;1362.9718;633.155;0.6774193;2
1396863650181;25468503;1362.8572;633.9286;0.6451613;2
1396863650183;25468515;1362.8572;633.9286;0.6451613;1
1396863652772;25471104;1776.0;632.1428;0.41935483;0
1396863652820;25471148;1726.166;631.25;0.54838705;2
1396863652838;25471165;1656.5492;630.8691;0.58064514;2
1396863652853;25471182;1563.3785;625.56024;0.61290324;2
1396863652870;25471194;1483.7144;619.6429;0.61290324;2
1396863652887;25471215;1352.6322;609.37976;0.61290324;2
1396863652904;25471232;1126.8265;594.13654;0.61290324;2
1396863652921;25471249;941.93835;589.43555;0.61290324;2
1396863652938;25471266;824.2857;590.33234;0.61290324;2
1396863652954;25471282;671.5967;593.69745;0.61290324;2
1396863652971;25471299;595.9876;596.26105;0.61290324;2
1396863652988;25471316;521.41864;597.3214;0.61290324;2
1396863653005;25471333;474.7521;596.7229;0.61290324;2
1396863653021;25471349;423.53195;593.9554;0.61290324;2
1396863653038;25471366;370.65033;585.2922;0.6774193;2
1396863653055;25471383;338.43353;578.0583;0.61290324;2
1396863653072;25471400;325.85205;576.16846;0.61290324;2
1396863653080;25471402;324.0;575.8928;0.54838705;2
1396863653083;25471414;324.0;575.8928;0.54838705;1
1396863654238;25472571;1494.8572;625.0;0.6774193;0
1396863654265;25472593;1470.9832;626.91296;0.6451613;2
1396863654282;25472610;1409.5358;635.7834;0.6451613;2
1396863654298;25472627;1353.2996;641.655;0.61290324;2
1396863654316;25472644;1325.3025;643.7381;0.61290324;2
1396863654331;25472660;1261.6697;644.6428;0.61290324;2
1396863654348;25472677;1187.723;643.341;0.6774193;2
1396863654365;25472693;1089.1586;638.802;0.6774193;2
1396863654382;25472710;1010.8571;636.47034;0.7096774;2
1396863654399;25472727;941.412;634.49115;0.6451613;2
1396863654416;25472744;870.18854;632.4112;0.6451613;2
1396863654432;25472761;808.3917;629.5312;0.6451613;2
1396863654449;25472777;780.9614;627.5629;0.7096774;2
1396863654468;25472794;723.1596;621.6436;0.6451613;2
1396863654482;25472811;675.1349;615.09625;0.61290324;2
1396863654500;25472828;634.6766;607.959;0.61290324;2
1396863654520;25472845;614.2666;604.2914;0.61290324;2
1396863654533;25472862;601.1716;602.2084;0.61290324;2
1396863654550;25472878;593.7027;601.7857;0.61290324;2
1396863654569;25472895;590.4951;601.7857;0.61290324;2
1396863654583;25472912;589.61273;601.7857;0.61290324;2
1396863654595;25472929;589.61273;601.7857;0.61290324;1
1396863656440;25474771;1206.0;659.8214;0.41935483;0
1396863656482;25474809;1212.0;650.572;0.48387095;2
1396863656497;25474826;1210.088;648.55774;0.54838705;2
1396863656514;25474842;1197.3944;643.2;0.58064514;2
1396863656530;25474856;1160.5714;632.1429;0.58064514;2
1396863656547;25474876;1103.7719;620.736;0.58064514;2
1396863656564;25474893;988.2188;599.9404;0.58064514;2
1396863656581;25474909;938.9031;591.28674;0.58064514;2
1396863656598;25474926;897.60425;585.5376;0.61290324;2
1396863656608;25474930;894.0;583.9286;0.54838705;2
1396863656610;25474942;894.0;583.9286;0.54838705;1
