1396864399689;26196859;59.142857;650.8928;0.41935483;0
1396864399738;26196904;77.57143;650.8928;0.41935483;2
1396864399754;26196921;113.20468;650.2803;0.41935483;2
1396864399771;26196937;300.1709;642.0715;0.41935483;2
1396864399783;26196950;456.73474;634.79865;0.41935483;2
1396864399801;26196967;631.5897;626.7305;0.41935483;2
1396864399818;26196984;815.8948;623.65436;0.41935483;2
1396864399834;26197000;1010.766;619.99347;0.41935483;2
1396864399851;26197017;1137.387;619.6428;0.41935483;2
1396864399867;26197034;1303.9711;620.9041;0.41935483;2
1396864399884;26197051;1330.9442;623.3751;0.41935483;2
1396864399901;26197068;1424.429;629.952;0.41935483;2
1396864399918;26197084;1512.6351;635.5688;0.41935483;2
1396864399928;26197088;1532.5714;636.6071;0.38709676;2
1396864399930;26197099;1532.5714;636.6071;0.38709676;1
1396864402594;26199763;721.7143;650.8928;0.41935483;0
1396864402641;26199807;740.8035;643.7456;0.41935483;2
1396864402657;26199824;793.84784;631.3828;0.41935483;2
1396864402674;26199841;868.14197;619.22705;0.41935483;2
1396864402692;26199856;939.9874;613.1683;0.41935483;2
1396864402706;26199872;1005.9659;610.27893;0.41935483;2
1396864402723;26199889;1061.481;610.65454;0.41935483;2
1396864402739;26199900;1089.8572;610.7143;0.41935483;2
1396864402756;26199923;1103.7799;612.0846;0.41935483;2
1396864402773;26199940;1113.0961;614.1702;0.41935483;2
1396864402791;26199956;1118.2494;616.3501;0.41935483;2
1396864402807;26199973;1121.7896;618.53076;0.41935483;2
1396864402824;26199990;1123.3691;620.7155;0.41935483;2
1396864402835;26199995;1122.0;621.4286;0.3548387;2
1396864402837;26200006;1122.0;621.4286;0.3548387;1
1396864404372;26201542;1501.7144;629.4643;0.41935483;0
1396864404436;26201603;1484.7947;629.4643;0.41935483;2
1396864404455;26201620;1413.9407;629.4643;0.41935483;2
1396864404469;26201635;1333.5378;627.30963;0.41935483;2
1396864404484;26201648;1202.4526;616.9505;0.41935483;2
1396864404499;26201665;1080.8334;601.31506;0.41935483;2
1396864404516;26201682;1020.2759;593.33295;0.41935483;2
1396864404535;26201699;828.1845;573.97797;0.41935483;2
1396864404549;26201716;749.9648;567.8546;0.41935483;2
1396864404568;26201733;695.6059;565.7195;0.41935483;2
1396864404584;26201750;655.09753;564.2857;0.41935483;2
1396864404600;26201767;634.05096;564.2857;0.41935483;2
1396864404617;26201783;623.83484;564.2857;0.41935483;2
1396864404634;26201798;617.5715;564.2857;0.41935483;2
1396864404650;26201817;614.51294;564.2857;0.41935483;2
1396864404670;26201834;610.749;564.2857;0.41935483;2
1396864404684;26201851;608.81903;564.2857;0.41935483;2
1396864404701;26201868;606.7286;564.2857;0.41935483;2
1396864404718;26201884;604.68463;564.2857;0.41935483;2
1396864404735;26201901;604.2857;565.152;0.41935483;2
1396864404742;26201902;604.2857;565.1786;0.41935483;2
1396864404744;26201913;604.2857;565.1786;0.41935483;1
1396864405941;26203109;1502.5714;584.8214;0.41935483;0
1396864405978;26203144;1487.528;582.5296;0.41935483;2
1396864405996;26203159;1462.7142;578.5714;0.41935483;2
1396864406011;26203177;1429.6873;576.30273;0.41935483;2
1396864406027;26203194;1338.9255;578.59973;0.41935483;2
1396864406051;26203215;1189.396;589.22815;0.41935483;2
1396864406065;26203232;1072.774;601.7697;0.41935483;2
1396864406082;26203249;952.31287;612.3272;0.41935483;2
1396864406101;26203265;889.5009;613.3928;0.41935483;2
1396864406116;26203282;820.9643;611.95325;0.41935483;2
1396864406132;26203299;785.7717;610.793;0.41935483;2
1396864406149;26203316;717.8728;604.9119;0.41935483;2
1396864406166;26203333;651.8524;598.99164;0.41935483;2
1396864406183;26203349;595.4518;593.935;0.41935483;2
1396864406202;26203366;546.6618;589.59326;0.41935483;2
1396864406217;26203383;520.888;586.7972;0.41935483;2
1396864406234;26203400;507.09296;585.7143;0.41935483;2
1396864406250;26203416;498.85718;585.7143;0.41935483;2
1396864406267;26203433;496.49783;585.7143;0.41935483;2
1396864406284;26203451;493.33395;585.7143;0.41935483;2
1396864406301;26203466;491.5714;585.7143;0.41935483;2
1396864406315;26203475;492.85715;584.8214;0.3548387;2
1396864406317;26203486;492.85715;584.8214;0.3548387;1
1396864407566;26204736;1471.7144;626.7857;0.41935483;0
1396864407612;26204777;1457.826;617.88293;0.41935483;2
1396864407636;26204795;1408.1553;604.1898;0.41935483;2
1396864407647;26204812;1256.8505;582.0429;0.41935483;2
1396864407664;26204828;1180.2194;576.3147;0.41935483;2
1396864407680;26204845;1050.7963;570.4625;0.41935483;2
1396864407695;26204862;945.4619;564.287;0.41935483;2
1396864407712;26204878;873.9509;560.0005;0.41935483;2
1396864407731;26204895;800.50867;555.72095;0.41935483;2
1396864407748;26204913;762.8611;554.4643;0.41935483;2
1396864407763;26204930;696.3216;555.3571;0.41935483;2
1396864407781;26204947;647.6308;557.80634;0.41935483;2
1396864407796;26204963;625.89246;558.9286;0.41935483;2
1396864407813;26204980;612.0234;560.2006;0.41935483;2
1396864407830;26204996;601.6657;561.6071;0.41935483;2
1396864407849;26205013;594.425;563.5429;0.41935483;2
1396864407863;26205030;589.8201;565.5699;0.41935483;2
1396864407881;26205047;587.507;566.0714;0.41935483;2
1396864407895;26205055;585.4286;566.9643;0.38709676;2
1396864407898;26205066;585.4286;566.9643;0.38709676;1
1396864408961;26206130;462.0;616.9643;0.41935483;0
1396864409012;26206179;476.6579;610.6993;0.41935483;2
1396864409031;26206195;505.74573;606.374;0.41935483;2
1396864409045;26206211;563.576;601.6772;0.41935483;2
1396864409056;26206217;590.1428;599.99994;0.41935483;2
1396864409075;26206239;659.8919;599.4681;0.41935483;2
1396864409090;26206256;873.6013;605.6984;0.41935483;2
1396864409107;26206273;1014.088;608.9286;0.41935483;2
1396864409123;26206290;1149.8445;611.94653;0.41935483;2
1396864409143;26206307;1269.6396;616.45123;0.41935483;2
1396864409157;26206324;1350.2437;621.07776;0.41935483;2
1396864409174;26206340;1424.5774;625.23083;0.41935483;2
1396864409191;26206357;1451.6528;624.70514;0.41935483;2
1396864409207;26206374;1482.9602;622.3214;0.41935483;2
1396864409225;26206391;1486.5227;622.3214;0.41935483;2
1396864409241;26206408;1486.4858;620.7442;0.41935483;2
1396864409256;26206409;1486.2858;620.5357;0.41935483;2
1396864409258;26206427;1486.2858;620.5357;0.41935483;1
1396864411746;26208914;1830.0;579.4643;0.41935483;0
1396864411846;26209012;1788.366;581.5539;0.41935483;2
1396864411862;26209029;1698.2693;583.65045;0.41935483;2
1396864411879;26209044;1515.9545;584.85657;0.41935483;2
1396864411891;26209058;1445.4912;584.8214;0.41935483;2
1396864411909;26209075;1275.2012;580.8998;0.41935483;2
1396864411926;26209092;1166.3065;578.90106;0.41935483;2
1396864411943;26209109;1056.128;573.30566;0.41935483;2
1396864411961;26209126;860.1168;562.34235;0.41935483;2
1396864411976;26209143;783.17236;558.71954;0.41935483;2
1396864411993;26209160;676.3687;555.36053;0.41935483;2
1396864412011;26209177;594.65814;551.3763;0.41935483;2
1396864412027;26209194;514.75415;545.8452;0.41935483;2
1396864412044;26209211;450.78232;543.53906;0.41935483;2
1396864412063;26209227;425.61673;543.2026;0.41935483;2
1396864412082;26209244;371.5627;548.3641;0.41935483;2
1396864412095;26209261;322.40103;555.3838;0.41935483;2
1396864412114;26209278;309.3571;558.94714;0.41935483;2
1396864412130;26209295;293.8266;564.0186;0.41935483;2
1396864412146;26209311;281.82925;568.39246;0.41935483;2
1396864412162;26209328;275.06015;572.0525;0.41935483;2
1396864412181;26209341;271.7143;573.66077;0.41935483;2
1396864412195;26209362;269.82724;575.17993;0.41935483;2
1396864412212;26209379;267.7979;577.2938;0.41935483;2
1396864412235;26209396;265.72165;579.45667;0.41935483;2
1396864412246;26209412;261.7288;579.4643;0.38709676;2
1396864412255;26209416;259.7143;579.4643;0.3548387;2
1396864412258;26209427;259.7143;579.4643;0.3548387;1
1396864413607;26210775;1811.1428;617.8571;0.41935483;0
1396864413686;26210853;1742.3641;598.9231;0.41935483;2
1396864413703;26210869;1604.348;585.2245;0.41935483;2
1396864413727;26210893;1485.7666;575.11584;0.41935483;2
1396864413744;26210910;1348.6093;560.1232;0.41935483;2
1396864413760;26210927;1257.0593;550.9352;0.41935483;2
1396864413777;26210944;1108.7217;543.32666;0.41935483;2
1396864413794;26210957;1041.0001;545.53564;0.41935483;2
1396864413811;26210977;932.31;552.3964;0.41935483;2
1396864413829;26210994;719.5965;573.386;0.41935483;2
1396864413847;26211011;611.30347;583.3662;0.41935483;2
1396864413862;26211028;496.4425;591.35895;0.41935483;2
1396864413881;26211045;416.51166;598.1253;0.41935483;2
1396864413896;26211062;367.69907;604.24304;0.41935483;2
1396864413912;26211078;329.4593;608.4928;0.41935483;2
1396864413930;26211094;315.85715;610.2678;0.41935483;2
1396864413946;26211112;310.10745;610.7143;0.41935483;2
1396864413962;26211129;301.78387;610.7143;0.41935483;2
1396864413982;26211146;297.06183;610.7143;0.41935483;2
1396864413996;26211162;294.4579;610.7143;0.41935483;2
1396864414013;26211179;292.46384;611.4216;0.41935483;2
1396864414030;26211196;291.4286;612.62445;0.41935483;2
1396864414090;26211251;291.4286;611.6071;0.38709676;2
1396864414093;26211262;291.4286;611.6071;0.38709676;1
1396864415388;26212556;65.14286;623.2143;0.32258064;0
1396864415460;26212625;81.16175;625.0347;0.3548387;2
1396864415478;26212642;132.96243;615.62866;0.3548387;2
1396864415491;26212656;211.0107;600.47064;0.3548387;2
1396864415502;26212668;335.39148;579.4802;0.3548387;2
1396864415519;26212686;437.89447;567.12744;0.3548387;2
1396864415536;26212703;593.3805;553.69965;0.3548387;2
1396864415554;26212720;664.34344;545.34406;0.3548387;2
1396864415570;26212737;846.73285;538.4544;0.3548387;2
1396864415587;26212754;1042.1344;534.8214;0.3548387;2
1396864415604;26212770;1149.8534;536.7993;0.3548387;2
1396864415621;26212787;1337.0355;548.05853;0.3548387;2
1396864415637;26212804;1424.3259;556.9375;0.3548387;2
1396864415654;26212821;1534.3914;569.23663;0.3548387;2
1396864415671;26212838;1576.3611;572.68384;0.3548387;2
1396864415688;26212855;1628.9048;577.2715;0.3548387;2
1396864415705;26212871;1675.9154;581.6281;0.3548387;2
1396864415722;26212888;1691.6113;583.5635;0.3548387;2
1396864415738;26212905;1701.215;584.8214;0.3548387;2
1396864415755;26212922;1707.3987;585.7143;0.3548387;2
1396864415772;26212939;1712.151;586.6071;0.3548387;2
1396864415789;26212955;1716.2483;588.52216;0.3548387;2
1396864415808;26212972;1718.3259;589.60425;0.3548387;2
1396864415823;26212989;1722.4305;591.74207;0.3548387;2
1396864415839;26213006;1724.6763;593.85925;0.3548387;2
1396864415856;26213023;1727.9684;595.96564;0.3548387;2
1396864415873;26213040;1730.4562;598.0942;0.3548387;2
1396864415890;26213056;1732.531;600.2555;0.3548387;2
1396864415895;26213066;1732.531;600.2555;0.3548387;1
1396864417208;26214378;1408.2858;616.9643;0.41935483;0
1396864417250;26214415;1393.1062;600.5761;0.41935483;2
1396864417266;26214432;1361.2572;588.8413;0.41935483;2
1396864417283;26214449;1295.3475;578.18427;0.41935483;2
1396864417306;26214472;1157.5374;573.102;0.41935483;2
1396864417324;26214489;1107.2965;573.2143;0.41935483;2
1396864417340;26214506;1014.41376;574.6147;0.41935483;2
1396864417356;26214522;869.34766;578.4386;0.41935483;2
1396864417373;26214539;818.0912;581.8869;0.41935483;2
1396864417390;26214556;768.55084;586.11285;0.41935483;2
1396864417406;26214573;721.1633;590.2285;0.41935483;2
1396864417424;26214590;689.6995;591.9643;0.41935483;2
1396864417440;26214607;658.4565;590.5194;0.41935483;2
1396864417457;26214623;649.0733;589.3179;0.41935483;2
1396864417474;26214640;637.60986;587.16614;0.41935483;2
1396864417484;26214644;636.0;586.6071;0.38709676;2
1396864417487;26214655;636.0;586.6071;0.38709676;1
1396864418594;26215765;682.2857;614.2857;0.41935483;0
1396864418650;26215817;727.3186;614.2857;0.41935483;2
1396864418667;26215834;791.65393;614.2857;0.41935483;2
1396864418683;26215849;847.34753;614.2857;0.41935483;2
1396864418695;26215862;889.9467;614.2857;0.41935483;2
1396864418715;26215879;913.1011;614.2857;0.41935483;2
1396864418730;26215896;943.19226;614.2857;0.41935483;2
1396864418747;26215914;958.5704;616.6661;0.38709676;2
1396864418755;26215915;959.1429;616.9643;0.3548387;2
1396864418758;26215927;959.1429;616.9643;0.3548387;1
1396864419809;26216981;70.28571;631.25;0.41935483;0
1396864419877;26217043;78.963875;624.0182;0.41935483;2
1396864419896;26217060;102.22139;616.2606;0.41935483;2
1396864419911;26217077;163.08334;603.08575;0.41935483;2
1396864419927;26217093;238.35684;594.8752;0.41935483;2
1396864419943;26217110;411.01413;584.7846;0.41935483;2
1396864419960;26217126;541.198;583.0357;0.41935483;2
1396864419977;26217143;732.27106;578.2263;0.41935483;2
1396864419994;26217159;924.0;570.5357;0.41935483;2
1396864420010;26217177;1026.9836;564.5736;0.41935483;2
1396864420031;26217194;1232.198;551.44324;0.41935483;2
1396864420044;26217211;1379.5397;547.5924;0.41935483;2
1396864420062;26217227;1474.4729;553.9985;0.41935483;2
1396864420078;26217244;1543.1473;562.761;0.41935483;2
1396864420095;26217261;1597.4604;571.7184;0.41935483;2
1396864420111;26217278;1613.4833;575.3567;0.41935483;2
1396864420130;26217295;1619.4175;576.63403;0.41935483;2
1396864420146;26217311;1625.8424;578.51666;0.41935483;2
1396864420163;26217328;1631.0348;580.3571;0.41935483;2
1396864420181;26217345;1635.1973;582.02234;0.41935483;2
1396864420196;26217362;1639.176;583.2018;0.41935483;2
1396864420215;26217379;1643.3389;584.4771;0.41935483;2
1396864420235;26217396;1647.6725;586.73413;0.41935483;2
1396864420247;26217412;1653.0001;588.83923;0.41935483;2
1396864420263;26217429;1655.9727;589.87146;0.41935483;2
1396864420281;26217446;1661.1531;591.96967;0.41935483;2
1396864420299;26217463;1665.2401;594.0982;0.41935483;2
1396864420314;26217480;1667.7228;596.13983;0.41935483;2
1396864420322;26217482;1668.0;596.4286;0.41935483;2
1396864420325;26217494;1668.0;596.4286;0.41935483;1
1396864421325;26218493;457.7143;618.75;0.41935483;0
1396864421369;26218534;487.0429;616.8406;0.41935483;2
1396864421385;26218551;544.6102;616.0714;0.41935483;2
1396864421402;26218568;606.6959;617.90546;0.41935483;2
1396864421418;26218584;677.0151;620.0012;0.41935483;2
1396864421439;26218605;797.719;618.4626;0.41935483;2
1396864421456;26218622;880.26746;613.8897;0.41935483;2
1396864421473;26218639;1056.1381;606.1899;0.41935483;2
1396864421489;26218656;1117.2684;606.4866;0.41935483;2
1396864421506;26218673;1190.3467;607.88885;0.41935483;2
1396864421523;26218690;1251.3129;609.384;0.41935483;2
1396864421540;26218706;1288.1444;613.7206;0.41935483;2
1396864421557;26218723;1301.1073;617.13544;0.41935483;2
1396864421576;26218740;1305.5625;618.49884;0.41935483;2
1396864421590;26218757;1310.5741;620.239;0.41935483;2
1396864421607;26218774;1315.0836;622.43933;0.41935483;2
1396864421624;26218791;1319.0065;622.6968;0.41935483;2
1396864421641;26218807;1321.6067;624.88794;0.41935483;2
1396864421655;26218814;1322.5714;625.0;0.3548387;2
1396864421657;26218826;1322.5714;625.0;0.3548387;1
1396864422521;26219691;95.14286;588.3928;0.41935483;0
1396864422574;26219740;107.28473;592.28656;0.41935483;2
1396864422590;26219757;130.44669;592.8571;0.41935483;2
1396864422607;26219773;197.00269;593.75;0.41935483;2
1396864422618;26219782;241.79596;594.02356;0.41935483;2
1396864422632;26219797;395.14285;594.6428;0.41935483;2
1396864422649;26219816;469.0743;592.88654;0.41935483;2
1396864422666;26219833;690.67346;586.4477;0.41935483;2
1396864422684;26219849;881.99023;581.4409;0.41935483;2
1396864422701;26219866;1030.0945;573.8257;0.41935483;2
1396864422717;26219883;1165.6029;568.405;0.41935483;2
1396864422734;26219900;1302.8901;565.1786;0.41935483;2
1396864422751;26219917;1400.5571;564.6703;0.41935483;2
1396864422767;26219933;1464.0513;565.92676;0.41935483;2
1396864422784;26219950;1524.687;569.4223;0.41935483;2
1396864422801;26219967;1586.2177;571.4286;0.41935483;2
1396864422818;26219984;1611.1061;571.4286;0.41935483;2
1396864422837;26220001;1620.7062;572.3214;0.41935483;2
1396864422852;26220018;1627.235;572.3214;0.41935483;2
1396864422868;26220034;1631.4233;572.3214;0.41935483;2
1396864422885;26220051;1635.4285;572.3214;0.41935483;2
1396864422902;26220068;1636.9109;572.3214;0.41935483;2
1396864422918;26220085;1639.0358;572.3214;0.41935483;2
1396864422935;26220102;1640.1036;572.3214;0.32258064;2
1396864422939;26220108;1640.1036;572.3214;0.32258064;1
1396864423877;26221045;1834.2858;603.5714;0.41935483;0
1396864423947;26221111;1773.7338;613.6553;0.41935483;2
1396864423961;26221128;1631.8015;621.04736;0.41935483;2
1396864423989;26221156;1484.5096;620.00275;0.41935483;2
1396864424006;26221173;1252.0911;598.1764;0.41935483;2
1396864424024;26221190;1093.0533;582.92017;0.41935483;2
1396864424043;26221207;934.44293;564.74854;0.41935483;2
1396864424060;26221224;826.8561;555.01245;0.41935483;2
1396864424074;26221241;689.2273;553.5714;0.41935483;2
1396864424092;26221257;564.4285;561.1607;0.41935483;2
1396864424108;26221274;529.88806;564.2903;0.41935483;2
1396864424126;26221291;386.91565;573.10144;0.41935483;2
1396864424142;26221308;320.55624;576.5633;0.41935483;2
1396864424159;26221325;288.10922;579.6948;0.41935483;2
1396864424176;26221342;256.38593;584.2088;0.41935483;2
1396864424194;26221359;231.76784;586.78613;0.41935483;2
1396864424209;26221375;217.69168;588.9333;0.41935483;2
1396864424227;26221392;213.64038;590.10504;0.41935483;2
1396864424244;26221409;209.7414;592.23364;0.41935483;2
1396864424260;26221426;208.28572;594.40533;0.41935483;2
1396864424280;26221443;208.28572;596.57007;0.41935483;2
1396864424293;26221460;208.28572;598.54333;0.41935483;2
1396864424310;26221476;209.97102;600.8627;0.41935483;2
1396864424327;26221493;212.00568;602.9821;0.41935483;2
1396864424343;26221508;213.85715;604.91077;0.41935483;2
1396864424359;26221520;214.28572;604.4643;0.41935483;2
1396864424365;26221531;214.28572;604.4643;0.41935483;1
1396864425301;26222469;441.4286;625.8928;0.41935483;0
1396864425390;26222557;474.68027;622.7832;0.41935483;2
1396864425408;26222573;557.35364;617.50653;0.41935483;2
1396864425422;26222588;653.23096;611.39166;0.41935483;2
1396864425436;26222601;723.8692;606.7735;0.41935483;2
1396864425452;26222618;895.65375;599.1071;0.41935483;2
1396864425469;26222635;981.0967;600.1658;0.41935483;2
1396864425486;26222652;1088.9204;601.7857;0.41935483;2
1396864425503;26222669;1141.116;603.43933;0.41935483;2
1396864425520;26222686;1220.5316;605.5842;0.41935483;2
1396864425536;26222703;1287.4227;606.845;0.41935483;2
1396864425553;26222720;1318.4786;609.0501;0.41935483;2
1396864425570;26222737;1324.3881;610.7143;0.41935483;2
1396864425587;26222753;1326.8472;611.6071;0.41935483;2
1396864425604;26222770;1326.1552;611.6071;0.41935483;2
1396864425621;26222784;1323.4287;611.6071;0.41935483;2
1396864425637;26222804;1306.9338;602.8032;0.3548387;2
1396864425642;26222813;1306.9338;602.8032;0.3548387;1
1396864426532;26223703;464.57144;616.0714;0.41935483;0
1396864426600;26223766;488.55792;615.0175;0.41935483;2
1396864426617;26223783;539.20856;613.3928;0.41935483;2
1396864426633;26223798;597.79565;614.03436;0.41935483;2
1396864426644;26223811;655.5404;615.7234;0.41935483;2
1396864426664;26223828;757.9793;618.79926;0.41935483;2
1396864426682;26223846;872.65265;618.4414;0.41935483;2
1396864426696;26223862;948.3931;615.73364;0.41935483;2
1396864426713;26223879;1096.8898;611.62463;0.41935483;2
1396864426732;26223896;1153.8959;612.7653;0.41935483;2
1396864426746;26223913;1214.6404;615.7762;0.41935483;2
1396864426763;26223930;1266.2548;618.84326;0.41935483;2
1396864426780;26223947;1284.3153;621.03687;0.41935483;2
1396864426797;26223963;1293.4856;623.2291;0.41935483;2
1396864426814;26223980;1296.2427;624.1914;0.41935483;2
1396864426835;26223997;1301.0859;625.4168;0.41935483;2
1396864426847;26224014;1304.5154;625.8928;0.41935483;2
1396864426866;26224031;1306.5862;626.7857;0.41935483;2
1396864426883;26224048;1308.5701;626.7857;0.41935483;2
1396864426898;26224064;1310.6345;626.7857;0.41935483;2
1396864426915;26224081;1314.9099;626.7857;0.41935483;2
1396864426934;26224095;1319.5715;626.7857;0.41935483;2
1396864426948;26224115;1324.918;626.7857;0.41935483;2
1396864426954;26224125;1324.918;626.7857;0.41935483;1
1396864428797;26225968;1254.0;611.6071;0.41935483;0
1396864428869;26226035;1243.0303;603.63153;0.41935483;2
1396864428885;26226052;1230.242;603.5714;0.41935483;2
1396864428902;26226067;1211.8765;604.79083;0.41935483;2
1396864428914;26226080;1157.3676;608.56836;0.41935483;2
1396864428931;26226098;1081.8447;612.3431;0.41935483;2
1396864428950;26226115;1009.2195;614.54486;0.41935483;2
1396864428965;26226132;946.257;615.1786;0.41935483;2
1396864428985;26226148;890.55237;616.0714;0.41935483;2
1396864428999;26226165;849.6002;616.0714;0.41935483;2
1396864429016;26226179;828.8572;616.0714;0.41935483;2
1396864429034;26226199;817.8556;616.9643;0.41935483;2
1396864429049;26226216;807.901;616.9643;0.41935483;2
1396864429067;26226233;802.28564;616.9643;0.41935483;2
1396864429085;26226249;798.1923;617.8571;0.41935483;2
1396864429101;26226266;795.6258;617.8571;0.41935483;2
1396864429117;26226283;793.5715;617.8571;0.41935483;2
1396864429135;26226300;791.51984;617.8571;0.41935483;2
1396864429151;26226317;790.3848;617.8571;0.41935483;2
1396864429167;26226334;788.4306;618.89667;0.41935483;2
1396864429185;26226348;786.4286;620.9822;0.38709676;2
1396864429188;26226357;786.4286;620.9822;0.38709676;1
1396864430315;26227483;436.2857;592.8571;0.41935483;0
1396864430377;26227540;464.57147;592.8571;0.41935483;2
1396864430393;26227560;514.17096;590.9356;0.41935483;2
1396864430412;26227576;662.7668;592.02277;0.41935483;2
1396864430431;26227597;760.8959;592.8571;0.41935483;2
1396864430448;26227614;859.83606;590.1077;0.41935483;2
1396864430465;26227631;944.9935;587.04065;0.41935483;2
1396864430481;26227648;1017.91907;583.89856;0.41935483;2
1396864430498;26227665;1086.3645;581.7124;0.41935483;2
1396864430515;26227681;1114.8098;580.7556;0.41935483;2
1396864430532;26227698;1184.2905;582.13336;0.41935483;2
1396864430549;26227715;1235.403;584.3241;0.41935483;2
1396864430566;26227732;1261.8096;586.50793;0.41935483;2
1396864430584;26227749;1272.9484;587.5;0.41935483;2
1396864430599;26227765;1281.7694;587.5;0.41935483;2
1396864430616;26227782;1288.2368;587.5;0.41935483;2
1396864430633;26227793;1292.1428;587.5;0.41935483;2
1396864430649;26227816;1295.3254;589.8272;0.41935483;2
1396864430667;26227833;1299.4165;591.0651;0.41935483;2
1396864430685;26227850;1303.171;591.9643;0.41935483;2
1396864430700;26227867;1305.2373;591.9643;0.41935483;2
1396864430717;26227883;1307.2736;591.9643;0.41935483;2
1396864430735;26227900;1309.2948;592.42017;0.41935483;2
1396864430751;26227913;1311.0;591.5179;0.38709676;2
1396864430759;26227931;1311.0;591.5179;0.38709676;1
1396864431809;26228977;1470.0;635.7143;0.41935483;0
1396864431837;26229003;1452.597;614.9076;0.41935483;2
1396864431854;26229020;1432.1132;597.73126;0.41935483;2
1396864431870;26229036;1409.0083;585.44354;0.41935483;2
1396864431887;26229053;1369.252;572.891;0.41935483;2
1396864431903;26229065;1327.2856;565.625;0.41935483;2
1396864431932;26229093;1196.0126;551.52966;0.41935483;2
1396864431943;26229110;1037.4901;537.50415;0.41935483;2
1396864431960;26229127;959.7069;533.8953;0.41935483;2
1396864431981;26229144;862.8664;532.45215;0.41935483;2
1396864431994;26229160;787.72095;533.95233;0.41935483;2
1396864432011;26229177;714.4176;537.46094;0.41935483;2
1396864432030;26229194;657.9265;539.498;0.41935483;2
1396864432046;26229211;635.2332;540.53955;0.41935483;2
1396864432062;26229228;599.38873;542.59033;0.41935483;2
1396864432081;26229245;586.42175;544.6145;0.41935483;2
1396864432095;26229261;577.55676;546.6928;0.41935483;2
1396864432114;26229278;569.6436;548.9332;0.41935483;2
1396864432132;26229295;563.6407;551.07996;0.41935483;2
1396864432146;26229312;559.491;553.2413;0.41935483;2
1396864432163;26229325;556.28577;554.91077;0.41935483;2
1396864432182;26229346;555.2714;556.4137;0.41935483;2
1396864432197;26229362;553.23615;558.5338;0.41935483;2
1396864432215;26229379;551.20184;560.65283;0.41935483;2
1396864432230;26229396;549.19464;562.74365;0.41935483;2
1396864432247;26229413;547.1168;564.90814;0.41935483;2
1396864432263;26229430;545.0554;567.0554;0.41935483;2
1396864432285;26229447;544.2857;569.1715;0.41935483;2
1396864432297;26229463;543.55707;570.40186;0.41935483;2
1396864432314;26229480;543.4286;572.39026;0.41935483;2
1396864432330;26229497;543.4286;573.8844;0.41935483;2
1396864432347;26229514;543.4286;574.97314;0.41935483;2
1396864432361;26229514;543.4286;575.0;0.41935483;2
1396864432363;26229532;543.4286;575.0;0.41935483;1
1396864433411;26230582;482.57144;594.6428;0.41935483;0
1396864433474;26230640;541.25104;593.0868;0.41935483;2
1396864433491;26230657;605.112;596.4813;0.41935483;2
1396864433507;26230673;673.0941;603.5988;0.41935483;2
1396864433523;26230690;755.5517;610.692;0.41935483;2
1396864433540;26230707;889.5312;614.943;0.41935483;2
1396864433557;26230724;973.8366;613.12646;0.41935483;2
1396864433574;26230740;1011.7919;610.3107;0.41935483;2
1396864433591;26230757;1127.8568;600.4819;0.41935483;2
1396864433608;26230774;1204.5096;594.36096;0.41935483;2
1396864433624;26230791;1251.9574;593.07556;0.41935483;2
1396864433641;26230808;1274.6003;591.9643;0.41935483;2
1396864433660;26230824;1286.3894;591.9643;0.41935483;2
1396864433675;26230841;1293.9943;591.9643;0.41935483;2
1396864433692;26230852;1298.1428;591.9643;0.41935483;2
1396864433709;26230875;1302.0151;591.9643;0.41935483;2
1396864433725;26230892;1306.3049;591.9643;0.41935483;2
1396864433742;26230909;1310.3807;591.9643;0.41935483;2
1396864433759;26230925;1314.4884;591.9643;0.41935483;2
1396864433776;26230942;1319.6373;591.9643;0.41935483;2
1396864433792;26230959;1329.3209;591.9643;0.41935483;2
1396864433809;26230976;1340.6046;591.9643;0.41935483;2
1396864433826;26230993;1345.223;591.9643;0.41935483;2
1396864433839;26230998;1348.2858;591.9643;0.41935483;2
1396864433841;26231010;1348.2858;591.9643;0.41935483;1
1396864434680;26231848;135.42857;616.9643;0.41935483;0
1396864434736;26231901;165.6258;620.89624;0.41935483;2
1396864434751;26231918;194.07938;624.0541;0.41935483;2
1396864434769;26231933;283.66254;628.5441;0.41935483;2
1396864434781;26231946;432.65964;633.07623;0.41935483;2
1396864434797;26231963;543.49225;633.3555;0.41935483;2
1396864434814;26231980;725.2565;624.78796;0.41935483;2
1396864434835;26231997;887.31946;604.9311;0.41935483;2
1396864434848;26232014;1042.3174;586.6046;0.41935483;2
1396864434864;26232031;1145.073;579.3555;0.41935483;2
1396864434882;26232048;1235.6945;572.5993;0.41935483;2
1396864434898;26232065;1379.58;573.71094;0.41935483;2
1396864434915;26232081;1491.8031;577.6204;0.41935483;2
1396864434935;26232098;1544.3237;577.9779;0.41935483;2
1396864434948;26232115;1590.8788;579.28687;0.41935483;2
1396864434965;26232132;1609.9359;579.4643;0.41935483;2
1396864434982;26232149;1618.5984;579.4643;0.41935483;2
1396864434999;26232163;1623.8572;579.4643;0.41935483;2
1396864435016;26232182;1627.1785;579.4643;0.41935483;2
1396864435034;26232199;1631.0469;579.4643;0.41935483;2
1396864435049;26232216;1635.2249;579.4643;0.41935483;2
1396864435066;26232233;1638.2488;579.4643;0.41935483;2
1396864435084;26232250;1641.0908;579.4643;0.41935483;2
1396864435101;26232267;1644.1115;579.4643;0.41935483;2
1396864435118;26232283;1646.079;579.4643;0.41935483;2
1396864435135;26232300;1647.2622;579.4643;0.41935483;2
1396864435151;26232317;1649.074;579.4643;0.41935483;2
1396864435169;26232325;1650.0;580.3571;0.41935483;2
1396864435173;26232338;1650.0;580.3571;0.41935483;1
1396864436241;26233411;90.85715;627.6786;0.41935483;0
1396864436332;26233497;107.44237;632.1428;0.41935483;2
1396864436349;26233514;138.11392;632.1428;0.41935483;2
1396864436364;26233529;196.55173;628.9605;0.41935483;2
1396864436377;26233543;253.31935;625.21967;0.41935483;2
1396864436394;26233560;355.7629;614.5759;0.41935483;2
1396864436410;26233577;441.96027;604.6767;0.41935483;2
1396864436430;26233594;497.7622;599.56384;0.41935483;2
1396864436444;26233611;635.12384;595.146;0.41935483;2
1396864436461;26233628;758.3165;596.57837;0.41935483;2
1396864436480;26233645;864.4961;599.5558;0.41935483;2
1396864436495;26233661;994.9874;605.0908;0.41935483;2
1396864436512;26233678;1067.888;609.3454;0.41935483;2
1396864436530;26233695;1186.2161;616.4155;0.41935483;2
1396864436545;26233711;1254.0;619.1964;0.41935483;2
1396864436562;26233729;1304.0298;620.7292;0.41935483;2
1396864436580;26233746;1402.619;615.3056;0.41935483;2
1396864436596;26233762;1461.4045;612.39386;0.41935483;2
1396864436613;26233779;1502.084;608.45465;0.41935483;2
1396864436630;26233796;1538.4164;605.3725;0.41935483;2
1396864436648;26233813;1565.3938;604.4643;0.41935483;2
1396864436663;26233830;1592.1134;605.1686;0.41935483;2
1396864436680;26233846;1604.5126;606.2449;0.41935483;2
1396864436697;26233863;1619.1466;608.334;0.41935483;2
1396864436714;26233880;1631.0913;610.4077;0.41935483;2
1396864436732;26233897;1641.4382;612.5025;0.41935483;2
1396864436748;26233914;1647.1758;614.60046;0.41935483;2
1396864436764;26233931;1651.3127;616.7551;0.41935483;2
1396864436781;26233947;1654.3678;618.8354;0.41935483;2
1396864436798;26233964;1656.4286;620.08923;0.41935483;2
1396864436815;26233981;1657.4479;619.6428;0.41935483;2
1396864436832;26233998;1659.5181;619.6428;0.41935483;2
1396864436848;26234015;1660.6687;620.5357;0.41935483;2
1396864436858;26234018;1660.2858;620.5357;0.38709676;2
1396864436860;26234029;1660.2858;620.5357;0.38709676;1
1396864437880;26235050;1822.2858;633.9286;0.38709676;0
1396864437928;26235094;1754.3645;610.214;0.38709676;2
1396864437944;26235111;1692.8262;595.67346;0.38709676;2
1396864437962;26235128;1659.4176;590.1769;0.38709676;2
1396864437980;26235144;1557.1959;575.7546;0.38709676;2
1396864437994;26235161;1405.8014;554.35693;0.38709676;2
1396864438011;26235178;1309.8384;541.80347;0.38709676;2
1396864438029;26235194;1137.0647;524.394;0.38709676;2
1396864438047;26235211;1053.9297;521.5318;0.38709676;2
1396864438062;26235228;899.21594;521.1643;0.38709676;2
1396864438079;26235245;814.7531;524.12695;0.38709676;2
1396864438095;26235262;758.3514;528.9561;0.38709676;2
1396864438112;26235279;541.3097;556.9552;0.38709676;2
1396864438131;26235295;445.95703;570.16925;0.38709676;2
1396864438146;26235312;375.27646;580.49347;0.38709676;2
1396864438163;26235329;316.32437;590.5142;0.38709676;2
1396864438180;26235346;274.24313;599.68744;0.38709676;2
1396864438197;26235363;257.18915;604.4505;0.38709676;2
1396864438213;26235373;248.14285;607.1428;0.38709676;2
1396864438232;26235396;241.956;609.95123;0.38709676;2
1396864438247;26235413;236.49753;612.5385;0.38709676;2
1396864438264;26235430;232.76292;614.68146;0.38709676;2
1396864438287;26235447;230.68468;616.8463;0.38709676;2
1396864438299;26235464;228.71286;617.8571;0.38709676;2
1396864438314;26235473;227.57143;619.1964;0.38709676;2
1396864438449;26235615;228.86665;616.9445;0.3548387;2
1396864438462;26235634;228.86665;616.9445;0.3548387;1
1396864439662;26236832;1174.2858;638.3928;0.41935483;0
1396864439709;26236875;1138.6659;614.5469;0.41935483;2
1396864439730;26236892;1120.355;610.7143;0.41935483;2
1396864439742;26236909;1103.5535;611.4604;0.41935483;2
1396864439759;26236926;1091.8447;612.5135;0.41935483;2
1396864439776;26236942;1062.6218;618.1452;0.41935483;2
1396864439793;26236959;1025.8793;624.4257;0.41935483;2
1396864439809;26236975;998.4537;628.5889;0.41935483;2
1396864439827;26236992;972.5956;630.6134;0.41935483;2
1396864439843;26237009;934.65405;631.25;0.41935483;2
1396864439860;26237026;912.41284;633.09357;0.41935483;2
1396864439879;26237043;886.0415;635.1844;0.41935483;2
1396864439893;26237060;872.92163;636.2791;0.41935483;2
1396864439912;26237076;845.7689;640.35297;0.41935483;2
1396864439927;26237093;826.1634;644.68536;0.41935483;2
1396864439943;26237110;819.5253;647.271;0.41935483;2
1396864439960;26237126;817.7143;650.8928;0.38709676;2
1396864439964;26237135;817.7143;650.8928;0.38709676;1
1396864441046;26238215;651.4286;612.5;0.41935483;0
1396864441084;26238250;675.08105;607.09454;0.41935483;2
1396864441100;26238266;731.04803;611.1923;0.41935483;2
1396864441117;26238283;797.2296;619.5358;0.41935483;2
1396864441134;26238300;855.73;627.8522;0.41935483;2
1396864441153;26238314;898.71436;632.1428;0.41935483;2
1396864441167;26238334;926.4238;633.0357;0.41935483;2
1396864441187;26238353;956.0904;632.1428;0.41935483;2
1396864441205;26238370;969.20605;632.1428;0.41935483;2
1396864441221;26238387;976.1625;632.9929;0.41935483;2
1396864441235;26238393;977.1429;633.9286;0.38709676;2
1396864441238;26238405;977.1429;633.9286;0.38709676;1
1396864442314;26239485;1806.0;616.9643;0.41935483;0
1396864442413;26239579;1760.6431;601.4994;0.41935483;2
1396864442431;26239595;1681.2568;593.71674;0.41935483;2
1396864442443;26239610;1518.6238;583.38074;0.41935483;2
1396864442462;26239627;1465.0752;581.5012;0.41935483;2
1396864442477;26239644;1284.4805;578.7348;0.41935483;2
1396864442495;26239661;1044.8015;577.18585;0.41935483;2
1396864442511;26239677;899.1913;580.04205;0.41935483;2
1396864442531;26239694;747.80493;585.08826;0.41935483;2
1396864442545;26239711;619.1179;588.8994;0.41935483;2
1396864442562;26239728;488.87317;593.70355;0.41935483;2
1396864442581;26239745;418.74005;595.02277;0.41935483;2
1396864442595;26239762;385.6394;594.6428;0.41935483;2
1396864442612;26239778;316.25687;594.6428;0.41935483;2
1396864442629;26239795;274.98062;594.6428;0.41935483;2
1396864442646;26239812;260.8626;595.4599;0.41935483;2
1396864442665;26239829;255.6631;596.4286;0.41935483;2
1396864442680;26239846;252.23659;596.4286;0.41935483;2
1396864442697;26239863;250.28572;598.3449;0.41935483;2
1396864442713;26239872;250.28572;599.5535;0.41935483;2
1396864442730;26239896;250.99121;600.73486;0.41935483;2
1396864442747;26239913;252.9444;602.7695;0.41935483;2
1396864442766;26239930;254.93669;604.8448;0.41935483;2
1396864442782;26239947;256.98843;606.982;0.41935483;2
1396864442797;26239964;259.04977;609.1293;0.41935483;2
1396864442814;26239980;261.08865;608.9286;0.41935483;2
1396864442831;26239997;263.16064;608.9286;0.41935483;2
1396864442848;26240014;264.18582;608.9286;0.41935483;2
1396864442859;26240019;264.85715;608.9286;0.41935483;2
1396864442861;26240031;264.85715;608.9286;0.41935483;1
1396864443929;26241099;134.57143;629.4643;0.41935483;0
1396864444005;26241172;146.48537;632.1428;0.41935483;2
1396864444022;26241182;154.28574;632.1428;0.41935483;2
1396864444038;26241205;198.46805;630.2971;0.41935483;2
1396864444059;26241225;391.49664;618.31775;0.41935483;2
1396864444079;26241242;484.96494;614.29376;0.41935483;2
1396864444093;26241259;662.9602;608.9286;0.41935483;2
1396864444109;26241276;769.2271;605.5404;0.41935483;2
1396864444126;26241293;951.1688;600.583;0.41935483;2
1396864444143;26241309;1031.1428;600.0;0.41935483;2
1396864444160;26241327;1140.5236;600.0;0.41935483;2
1396864444179;26241343;1315.9531;606.0966;0.41935483;2
1396864444194;26241360;1401.3254;608.9286;0.41935483;2
1396864444210;26241377;1465.7052;608.9286;0.41935483;2
1396864444227;26241394;1518.8408;608.9286;0.41935483;2
1396864444245;26241411;1555.2533;607.79144;0.41935483;2
1396864444261;26241427;1573.105;605.62604;0.41935483;2
1396864444278;26241444;1581.9288;604.51074;0.41935483;2
1396864444297;26241461;1595.9963;602.6786;0.41935483;2
1396864444311;26241478;1605.5886;602.6786;0.41935483;2
1396864444331;26241495;1615.2847;602.6786;0.41935483;2
1396864444345;26241512;1624.557;602.6786;0.41935483;2
1396864444363;26241528;1640.791;600.669;0.41935483;2
1396864444381;26241545;1658.5889;598.5468;0.41935483;2
1396864444396;26241559;1671.4286;598.2143;0.41935483;2
1396864444414;26241579;1681.1295;599.3032;0.41935483;2
1396864444429;26241596;1695.5215;601.4479;0.41935483;2
1396864444446;26241613;1703.1962;603.58997;0.41935483;2
1396864444463;26241629;1706.9487;605.7501;0.41935483;2
1396864444482;26241641;1707.4286;607.1428;0.41935483;2
1396864444485;26241653;1707.4286;607.1428;0.41935483;1
1396864445350;26242518;654.8572;631.25;0.41935483;0
1396864445415;26242580;694.3179;626.41943;0.41935483;2
1396864445433;26242597;755.13745;625.3691;0.41935483;2
1396864445441;26242605;786.3909;627.2;0.41935483;2
1396864445458;26242622;845.7722;630.25995;0.41935483;2
1396864445472;26242639;902.47217;632.1428;0.41935483;2
1396864445489;26242656;934.09766;631.44415;0.41935483;2
1396864445509;26242673;983.22485;626.77405;0.41935483;2
1396864445523;26242689;1024.2212;621.64496;0.41935483;2
1396864445540;26242706;1046.082;619.6428;0.41935483;2
1396864445557;26242723;1059.2913;619.6428;0.41935483;2
1396864445573;26242740;1067.7301;621.93005;0.41935483;2
1396864445590;26242757;1071.4481;624.12744;0.32258064;2
1396864445597;26242768;1071.4481;624.12744;0.32258064;1
1396864447513;26244682;1869.4286;629.4643;0.38709676;0
1396864447573;26244740;1854.2633;629.4643;0.38709676;2
1396864447591;26244751;1836.0;628.125;0.38709676;2
1396864447607;26244773;1777.6394;629.03;0.38709676;2
1396864447624;26244790;1632.6191;631.1714;0.38709676;2
1396864447641;26244807;1557.3171;629.9971;0.38709676;2
1396864447657;26244824;1424.5409;623.65326;0.38709676;2
1396864447675;26244841;1338.8142;617.2192;0.38709676;2
1396864447691;26244857;1173.2411;597.68317;0.38709676;2
1396864447708;26244874;1069.0509;588.4076;0.38709676;2
1396864447726;26244891;1003.469;582.8046;0.38709676;2
1396864447742;26244908;835.4521;572.30707;0.38709676;2
1396864447758;26244925;717.7538;570.5236;0.38709676;2
1396864447775;26244942;646.51697;569.6428;0.38709676;2
1396864447792;26244958;575.3886;568.09406;0.38709676;2
1396864447809;26244975;502.12225;565.0423;0.38709676;2
1396864447825;26244992;436.3391;561.9661;0.38709676;2
1396864447842;26245007;391.2857;560.2679;0.38709676;2
1396864447862;26245026;362.53384;559.8214;0.38709676;2
1396864447876;26245042;324.24292;561.2246;0.38709676;2
1396864447893;26245059;306.964;563.37427;0.38709676;2
1396864447912;26245076;296.7372;565.50116;0.38709676;2
1396864447926;26245093;288.80978;567.5759;0.38709676;2
1396864447946;26245110;284.5446;569.6568;0.38709676;2
1396864447962;26245127;280.83536;570.5357;0.38709676;2
1396864447977;26245143;279.62115;570.5357;0.38709676;2
1396864447994;26245160;277.8096;570.5357;0.38709676;2
1396864448013;26245177;275.7539;570.5357;0.38709676;2
1396864448027;26245194;273.69418;570.5357;0.38709676;2
1396864448044;26245211;271.67035;570.5357;0.38709676;2
1396864448061;26245227;270.6105;570.5357;0.38709676;2
1396864448079;26245249;270.6105;570.5357;0.38709676;1
1396864449346;26246516;492.0;642.8571;0.41935483;0
1396864449423;26246589;531.45624;641.452;0.41935483;2
1396864449439;26246606;592.6455;637.17737;0.41935483;2
1396864449455;26246622;655.3197;633.2633;0.41935483;2
1396864449472;26246639;691.5195;631.2127;0.41935483;2
1396864449490;26246655;818.5625;622.3956;0.41935483;2
1396864449506;26246672;954.3373;613.6787;0.41935483;2
1396864449523;26246689;1018.3174;610.6582;0.41935483;2
1396864449539;26246706;1088.5062;609.45575;0.41935483;2
1396864449556;26246723;1154.0409;608.9286;0.41935483;2
1396864449573;26246740;1213.3075;608.9286;0.41935483;2
1396864449590;26246756;1260.4285;608.9286;0.41935483;2
1396864449607;26246773;1276.3951;608.9286;0.41935483;2
1396864449625;26246790;1294.5823;608.9286;0.41935483;2
1396864449640;26246807;1306.6403;608.9286;0.41935483;2
1396864449660;26246824;1314.3179;608.9286;0.41935483;2
1396864449674;26246840;1318.4329;609.45166;0.41935483;2
1396864449691;26246857;1322.4071;609.8214;0.41935483;2
1396864449708;26246874;1324.607;609.8214;0.41935483;2
1396864449724;26246891;1325.8307;609.8214;0.41935483;2
1396864449741;26246908;1327.7634;610.7654;0.41935483;2
1396864449754;26246914;1328.5714;611.6071;0.41935483;2
1396864449756;26246926;1328.5714;611.6071;0.41935483;1
1396864450594;26247763;468.0;629.4643;0.41935483;0
1396864450666;26247833;488.61697;621.77625;0.41935483;2
1396864450683;26247850;515.88965;615.7772;0.41935483;2
1396864450699;26247865;574.676;606.5514;0.41935483;2
1396864450711;26247878;657.9535;599.1838;0.41935483;2
1396864450728;26247895;751.82306;594.2139;0.41935483;2
1396864450746;26247912;848.36804;591.9643;0.41935483;2
1396864450763;26247929;963.4512;590.29456;0.41935483;2
1396864450780;26247946;1034.3749;590.1786;0.41935483;2
1396864450796;26247963;1110.0277;589.2849;0.41935483;2
1396864450813;26247980;1139.8228;590.25653;0.41935483;2
1396864450831;26247996;1214.8601;592.4759;0.41935483;2
1396864450847;26248013;1266.0112;595.4145;0.41935483;2
1396864450864;26248030;1289.9679;597.58594;0.41935483;2
1396864450880;26248047;1297.0178;599.1071;0.41935483;2
1396864450900;26248064;1302.3181;600.0;0.41935483;2
1396864450914;26248081;1306.415;600.0;0.41935483;2
1396864450931;26248094;1308.4286;600.0;0.41935483;2
1396864450948;26248114;1309.8824;600.0;0.41935483;2
1396864450966;26248131;1311.9022;601.38617;0.41935483;2
1396864450981;26248148;1313.9662;602.6786;0.41935483;2
1396864451000;26248165;1315.7144;603.9315;0.41935483;2
1396864451015;26248182;1317.2743;605.3571;0.41935483;2
1396864451030;26248189;1317.4286;604.4643;0.38709676;2
1396864451035;26248201;1317.4286;604.4643;0.38709676;1
1396864451917;26249086;1773.4286;641.9643;0.41935483;0
1396864451961;26249127;1782.8956;639.24567;0.41935483;2
1396864451978;26249144;1784.9716;638.3928;0.41935483;2
1396864451995;26249158;1786.7144;638.3928;0.41935483;2
1396864452010;26249177;1783.5597;638.3928;0.41935483;2
1396864452030;26249193;1756.2856;633.4821;0.41935483;2
1396864452044;26249210;1708.2711;627.8999;0.41935483;2
1396864452062;26249227;1520.7311;605.5244;0.41935483;2
1396864452080;26249244;1426.4084;593.6862;0.41935483;2
1396864452094;26249261;1326.013;585.48474;0.41935483;2
1396864452111;26249278;1168.6714;573.3137;0.41935483;2
1396864452128;26249294;1070.5818;568.92896;0.41935483;2
1396864452145;26249311;924.1661;565.1786;0.41935483;2
1396864452162;26249328;884.8653;564.4906;0.41935483;2
1396864452179;26249345;808.0345;562.696;0.41935483;2
1396864452195;26249362;654.58655;560.7143;0.41935483;2
1396864452212;26249379;593.01074;559.8214;0.41935483;2
1396864452232;26249395;532.5623;559.8214;0.41935483;2
1396864452246;26249412;475.16235;560.5372;0.41935483;2
1396864452265;26249429;427.0532;561.83136;0.41935483;2
1396864452281;26249444;396.85715;562.5;0.41935483;2
1396864452296;26249463;381.01852;564.2499;0.41935483;2
1396864452315;26249479;342.7256;565.1786;0.41935483;2
1396864452331;26249496;321.96463;565.1786;0.41935483;2
1396864452347;26249513;312.46045;566.39795;0.41935483;2
1396864452364;26249530;305.75073;566.9643;0.41935483;2
1396864452382;26249547;299.47757;567.8571;0.41935483;2
1396864452397;26249563;294.6332;567.8571;0.41935483;2
1396864452414;26249580;292.42105;567.8571;0.41935483;2
1396864452431;26249597;289.48315;567.8571;0.41935483;2
1396864452447;26249614;287.44406;567.8571;0.41935483;2
1396864452464;26249631;285.32828;567.8571;0.41935483;2
1396864452482;26249648;283.34225;567.8571;0.41935483;2
1396864452498;26249664;281.19574;568.69495;0.41935483;2
1396864452515;26249681;280.03485;568.75;0.38709676;2
1396864452518;26249689;280.03485;568.75;0.38709676;1
1396864453669;26250838;1233.4286;663.3928;0.41935483;0
1396864453711;26250875;1202.5516;648.23987;0.41935483;2
1396864453725;26250892;1154.0265;628.6798;0.41935483;2
1396864453742;26250909;1119.1566;620.35474;0.41935483;2
1396864453759;26250925;1087.359;616.0378;0.41935483;2
1396864453776;26250942;1042.8715;611.75024;0.41935483;2
1396864453793;26250959;999.55664;606.26904;0.41935483;2
1396864453808;26250975;969.1368;603.0395;0.41935483;2
1396864453825;26250992;947.3518;601.07495;0.41935483;2
1396864453842;26251009;915.1186;598.9449;0.41935483;2
1396864453862;26251026;888.6847;599.1071;0.41935483;2
1396864453876;26251042;870.1778;599.1071;0.41935483;2
1396864453893;26251059;860.4272;600.0;0.41935483;2
1396864453910;26251076;852.9095;600.0;0.41935483;2
1396864453926;26251093;848.6061;600.0;0.41935483;2
1396864453943;26251110;844.75604;601.0943;0.41935483;2
1396864453960;26251127;843.91895;602.1678;0.41935483;2
1396864453977;26251143;841.97375;604.19403;0.41935483;2
1396864453992;26251153;840.8572;603.5714;0.38709676;2
1396864453995;26251164;840.8572;603.5714;0.38709676;1
1396864455165;26252334;1185.4286;633.9286;0.41935483;0
1396864455198;26252364;1170.3037;631.60034;0.41935483;2
1396864455217;26252381;1148.8497;629.4643;0.41935483;2
1396864455232;26252397;1118.8387;629.127;0.41935483;2
1396864455248;26252414;1070.2992;627.6786;0.41935483;2
1396864455271;26252437;1029.9347;626.7857;0.41935483;2
1396864455289;26252454;976.5246;622.6398;0.41935483;2
1396864455305;26252471;929.8662;619.0932;0.41935483;2
1396864455322;26252487;905.6719;618.75;0.41935483;2
1396864455338;26252504;889.7516;618.75;0.41935483;2
1396864455356;26252521;876.1055;618.75;0.41935483;2
1396864455374;26252538;867.3821;618.75;0.41935483;2
1396864455389;26252555;864.3584;618.75;0.41935483;2
1396864455406;26252572;861.44214;618.75;0.41935483;2
1396864455422;26252588;860.178;620.5357;0.41935483;2
1396864455432;26252591;860.5714;620.5357;0.38709676;2
1396864455436;26252603;860.5714;620.5357;0.38709676;1
1396864456677;26253847;1844.5714;625.0;0.38709676;0
1396864456718;26253885;1823.0645;611.9316;0.38709676;2
1396864456738;26253902;1763.189;595.0463;0.38709676;2
1396864456752;26253919;1676.9845;586.1368;0.38709676;2
1396864456768;26253932;1618.5555;583.6403;0.38709676;2
1396864456783;26253949;1459.7471;586.1059;0.38709676;2
1396864456799;26253966;1300.5994;594.2679;0.38709676;2
1396864456816;26253983;1123.8861;604.536;0.38709676;2
1396864456833;26254000;949.331;612.28406;0.38709676;2
1396864456850;26254016;856.11505;614.57196;0.38709676;2
1396864456867;26254033;694.7146;616.9643;0.38709676;2
1396864456885;26254050;615.3921;618.80365;0.38709676;2
1396864456901;26254067;576.62634;619.8841;0.38709676;2
1396864456917;26254084;460.37045;620.5357;0.38709676;2
1396864456934;26254100;385.8502;618.6009;0.38709676;2
1396864456951;26254117;354.40955;616.48456;0.38709676;2
1396864456967;26254134;328.79095;614.3296;0.38709676;2
1396864456984;26254151;313.6281;614.2857;0.38709676;2
1396864457004;26254168;303.6195;615.12885;0.38709676;2
1396864457019;26254179;299.5714;616.5178;0.38709676;2
1396864457036;26254201;295.61172;617.4641;0.38709676;2
1396864457052;26254218;291.42297;619.64575;0.38709676;2
1396864457068;26254235;287.67517;620.5357;0.38709676;2
1396864457085;26254252;285.57904;620.5357;0.38709676;2
1396864457103;26254269;283.462;620.5357;0.38709676;2
1396864457120;26254285;281.3431;620.5357;0.38709676;2
1396864457136;26254297;279.85712;621.875;0.38709676;2
1396864457143;26254314;279.85712;621.875;0.38709676;1
1396864457904;26255073;414.0;604.4643;0.41935483;0
1396864457973;26255139;428.7444;605.38715;0.41935483;2
1396864457989;26255156;478.88336;609.00226;0.41935483;2
1396864458010;26255177;538.4898;614.3862;0.41935483;2
1396864458027;26255193;608.7088;617.6702;0.41935483;2
1396864458044;26255210;759.94135;614.9604;0.41935483;2
1396864458061;26255227;823.5239;612.1797;0.41935483;2
1396864458078;26255244;899.3156;603.7499;0.41935483;2
1396864458094;26255261;968.6955;599.4658;0.41935483;2
1396864458111;26255277;1035.6682;597.28455;0.41935483;2
1396864458128;26255294;1095.0;598.66077;0.41935483;2
1396864458145;26255311;1117.539;600.33344;0.41935483;2
1396864458163;26255328;1169.2096;604.6933;0.41935483;2
1396864458181;26255345;1209.7452;605.3571;0.41935483;2
1396864458196;26255361;1231.3474;605.3571;0.41935483;2
1396864458214;26255378;1250.8446;604.82947;0.41935483;2
1396864458231;26255395;1271.4736;603.5714;0.41935483;2
1396864458247;26255412;1283.9843;603.5714;0.41935483;2
1396864458263;26255429;1291.7252;603.5714;0.41935483;2
1396864458284;26255446;1311.9503;603.5714;0.41935483;2
1396864458296;26255462;1339.3209;605.7353;0.41935483;2
1396864458314;26255479;1355.2596;609.3344;0.41935483;2
1396864458334;26255490;1361.1428;612.5;0.38709676;2
1396864458338;26255503;1361.1428;612.5;0.38709676;1
1396864459083;26256250;121.71429;646.4286;0.41935483;0
1396864459137;26256304;157.05821;637.00867;0.41935483;2
1396864459154;26256321;220.00778;627.0247;0.41935483;2
1396864459171;26256337;315.0888;616.8365;0.41935483;2
1396864459187;26256353;473.60367;611.64777;0.41935483;2
1396864459204;26256370;568.26355;612.9042;0.41935483;2
1396864459220;26256387;751.248;615.0839;0.41935483;2
1396864459238;26256399;870.0;616.5178;0.41935483;2
1396864459254;26256421;989.23785;610.3469;0.41935483;2
1396864459271;26256437;1224.2645;595.3311;0.41935483;2
1396864459288;26256454;1356.0808;589.8788;0.41935483;2
1396864459305;26256471;1454.116;590.9445;0.41935483;2
1396864459321;26256488;1527.8876;593.17065;0.41935483;2
1396864459341;26256505;1583.332;596.35297;0.41935483;2
1396864459355;26256522;1603.1481;598.5127;0.41935483;2
1396864459372;26256538;1608.2163;599.60986;0.41935483;2
1396864459392;26256555;1614.0851;601.83;0.41935483;2
1396864459405;26256572;1617.7759;603.9331;0.41935483;2
1396864459422;26256589;1619.9731;606.22205;0.41935483;2
1396864459439;26256606;1622.0596;608.3954;0.41935483;2
1396864459456;26256622;1624.2682;610.69604;0.41935483;2
1396864459473;26256639;1626.4036;612.92035;0.41935483;2
1396864459490;26256646;1627.2858;613.83923;0.41935483;2
1396864459494;26256663;1627.2858;613.83923;0.41935483;1
1396864460290;26257460;1524.0;625.8928;0.41935483;0
1396864460382;26257548;1450.6367;625.8928;0.41935483;2
1396864460399;26257565;1379.8016;625.8928;0.41935483;2
1396864460415;26257582;1273.4923;621.51495;0.41935483;2
1396864460431;26257597;1169.0746;612.9144;0.41935483;2
1396864460448;26257614;1079.2255;604.56;0.41935483;2
1396864460464;26257629;987.0;597.3214;0.41935483;2
1396864460481;26257648;940.2413;593.01526;0.41935483;2
1396864460500;26257665;816.57605;587.10596;0.41935483;2
1396864460515;26257681;758.99097;586.6071;0.41935483;2
1396864460532;26257698;714.4245;585.4086;0.41935483;2
1396864460549;26257715;689.00287;584.8214;0.41935483;2
1396864460566;26257732;663.29266;584.8214;0.41935483;2
1396864460585;26257749;642.6079;584.8214;0.41935483;2
1396864460599;26257765;636.17535;584.8214;0.41935483;2
1396864460616;26257782;627.09705;585.131;0.41935483;2
1396864460633;26257799;620.18933;587.335;0.41935483;2
1396864460650;26257816;615.97986;589.2857;0.41935483;2
1396864460660;26257821;615.4286;589.2857;0.41935483;2
1396864460663;26257832;615.4286;589.2857;0.41935483;1
1396864461477;26258645;120.85715;607.1428;0.41935483;0
1396864461540;26258707;132.96136;607.1428;0.41935483;2
1396864461557;26258724;150.11613;607.1428;0.41935483;2
1396864461574;26258738;202.28574;604.46423;0.41935483;2
1396864461591;26258757;264.06232;601.50507;0.41935483;2
1396864461608;26258774;483.49295;586.3448;0.41935483;2
1396864461625;26258791;575.4553;579.4399;0.41935483;2
1396864461641;26258808;728.8118;568.90173;0.41935483;2
1396864461658;26258825;829.96643;562.39215;0.41935483;2
1396864461675;26258841;945.30566;553.4506;0.41935483;2
1396864461692;26258858;1057.6465;545.4843;0.41935483;2
1396864461708;26258875;1106.1809;542.49774;0.41935483;2
1396864461725;26258892;1178.6185;539.50793;0.41935483;2
1396864461742;26258908;1297.1244;535.6385;0.41935483;2
1396864461760;26258925;1351.5879;534.7629;0.41935483;2
1396864461776;26258942;1402.3658;533.0322;0.41935483;2
1396864461792;26258959;1444.5114;531.25;0.41935483;2
1396864461809;26258976;1479.435;530.5509;0.41935483;2
1396864461826;26258992;1516.0665;532.3178;0.41935483;2
1396864461845;26259010;1530.4392;532.4306;0.41935483;2
1396864461861;26259027;1577.3752;536.4417;0.41935483;2
1396864461878;26259043;1626.8773;542.7168;0.41935483;2
1396864461894;26259060;1656.9827;549.4483;0.41935483;2
1396864461911;26259077;1684.0502;556.38873;0.41935483;2
1396864461925;26259084;1694.5714;559.8214;0.41935483;2
1396864461930;26259096;1694.5714;559.8214;0.41935483;1
1396864462837;26260006;150.0;586.6071;0.41935483;0
1396864462936;26260102;176.41762;585.7143;0.41935483;2
1396864462952;26260118;243.74419;583.6979;0.41935483;2
1396864462965;26260132;352.87735;581.62006;0.41935483;2
1396864462987;26260149;513.479;576.20087;0.41935483;2
1396864463000;26260166;639.4629;572.6088;0.41935483;2
1396864463017;26260183;751.5528;563.3765;0.41935483;2
1396864463034;26260200;968.1969;538.96704;0.41935483;2
1396864463052;26260217;1083.6682;527.3534;0.41935483;2
1396864463067;26260234;1172.2646;522.89545;0.41935483;2
1396864463086;26260250;1254.1504;519.75616;0.41935483;2
1396864463101;26260267;1336.3599;520.67566;0.41935483;2
1396864463118;26260284;1396.678;524.08984;0.41935483;2
1396864463136;26260301;1427.5767;525.5583;0.41935483;2
1396864463151;26260318;1446.5313;527.14484;0.41935483;2
1396864463168;26260335;1467.3342;527.6786;0.41935483;2
1396864463185;26260351;1482.6201;527.2733;0.41935483;2
1396864463202;26260368;1491.7675;526.7857;0.41935483;2
1396864463219;26260385;1499.3501;524.72284;0.41935483;2
1396864463236;26260402;1507.7623;522.5321;0.41935483;2
1396864463252;26260419;1518.463;521.4286;0.41935483;2
1396864463269;26260436;1523.7716;520.5357;0.41935483;2
1396864463288;26260452;1538.3018;520.5357;0.41935483;2
1396864463303;26260469;1549.1392;522.6181;0.41935483;2
1396864463320;26260486;1555.756;525.0217;0.32258064;2
1396864463334;26260493;1558.2858;525.0;0.29032257;2
1396864463336;26260505;1558.2858;525.0;0.29032257;1
1396864464168;26261339;642.0;664.2857;0.41935483;0
1396864464215;26261381;655.43695;648.62396;0.41935483;2
1396864464232;26261397;664.1473;643.1644;0.41935483;2
1396864464248;26261414;712.56067;627.31934;0.41935483;2
1396864464265;26261431;789.4742;612.34326;0.41935483;2
1396864464284;26261448;863.8788;602.9867;0.41935483;2
1396864464298;26261465;936.0204;594.29517;0.41935483;2
1396864464315;26261482;997.90137;587.7877;0.41935483;2
1396864464332;26261499;1052.9753;583.87384;0.41935483;2
1396864464349;26261516;1082.296;583.9286;0.41935483;2
1396864464366;26261532;1105.6348;584.6346;0.41935483;2
1396864464385;26261549;1125.0127;587.9508;0.41935483;2
1396864464402;26261566;1134.6775;590.8014;0.41935483;2
1396864464416;26261583;1140.1136;592.9163;0.41935483;2
1396864464436;26261600;1144.2677;595.0799;0.41935483;2
1396864464450;26261617;1147.649;597.2534;0.41935483;2
1396864464468;26261633;1149.7192;599.40985;0.41935483;2
1396864464487;26261650;1150.7051;600.43677;0.41935483;2
1396864464500;26261667;1152.7739;602.59186;0.41935483;2
1396864464518;26261684;1153.991;604.7524;0.41935483;2
1396864464535;26261701;1154.5714;606.07465;0.41935483;2
1396864464549;26261709;1154.5714;605.3571;0.38709676;2
1396864464551;26261720;1154.5714;605.3571;0.38709676;1
1396864465359;26262526;120.0;613.3928;0.41935483;0
1396864465425;26262591;130.33694;613.3928;0.41935483;2
1396864465444;26262604;135.00002;613.3928;0.41935483;2
1396864465457;26262623;145.02705;613.3928;0.41935483;2
1396864465469;26262636;191.28468;612.61664;0.41935483;2
1396864465487;26262653;309.15353;605.97815;0.41935483;2
1396864465504;26262670;461.7311;595.5079;0.41935483;2
1396864465521;26262687;554.7617;591.71783;0.41935483;2
1396864465538;26262704;729.8937;578.25275;0.41935483;2
1396864465555;26262721;830.49963;569.2526;0.41935483;2
1396864465573;26262738;960.57294;556.47394;0.41935483;2
1396864465588;26262755;1055.7488;547.9478;0.41935483;2
1396864465605;26262772;1242.5392;542.8398;0.41935483;2
1396864465624;26262788;1313.618;549.533;0.41935483;2
1396864465639;26262805;1377.6104;557.1327;0.41935483;2
1396864465658;26262822;1432.8326;564.63904;0.41935483;2
1396864465675;26262839;1464.0714;568.69275;0.41935483;2
1396864465689;26262856;1484.6636;571.21735;0.41935483;2
1396864465706;26262872;1491.42;572.31995;0.41935483;2
1396864465726;26262889;1500.518;572.3214;0.41935483;2
1396864465740;26262906;1509.5765;572.3214;0.41935483;2
1396864465756;26262923;1521.7249;572.3214;0.41935483;2
1396864465776;26262940;1539.7208;572.6529;0.41935483;2
1396864465790;26262957;1554.8992;574.6236;0.41935483;2
1396864465807;26262973;1571.5785;576.7418;0.41935483;2
1396864465824;26262990;1596.9811;579.7727;0.41935483;2
1396864465841;26263007;1602.8873;580.8088;0.41935483;2
1396864465861;26263024;1614.0062;583.03735;0.41935483;2
1396864465874;26263041;1621.3341;585.28467;0.41935483;2
1396864465891;26263058;1626.8441;587.4932;0.41935483;2
1396864465908;26263074;1631.0023;588.3928;0.41935483;2
1396864465925;26263091;1630.4551;588.3928;0.41935483;2
1396864465933;26263092;1630.2858;588.3928;0.3548387;2
1396864465936;26263104;1630.2858;588.3928;0.3548387;1
1396864466717;26263888;1299.4286;625.0;0.41935483;0
1396864466788;26263952;1275.0433;621.5729;0.41935483;2
1396864466803;26263969;1245.9535;617.95996;0.41935483;2
1396864466820;26263980;1215.0;615.1786;0.41935483;2
1396864466837;26264003;1175.945;614.2857;0.41935483;2
1396864466853;26264020;1111.6523;614.2857;0.41935483;2
1396864466870;26264036;1046.6808;615.1786;0.41935483;2
1396864466888;26264053;985.3326;616.0714;0.41935483;2
1396864466904;26264070;928.9739;616.97107;0.41935483;2
1396864466920;26264087;873.77405;617.3757;0.41935483;2
1396864466937;26264104;825.7575;617.8571;0.41935483;2
1396864466956;26264120;808.1149;617.8571;0.41935483;2
1396864466971;26264137;787.6242;617.8571;0.41935483;2
1396864466988;26264154;772.95905;617.8571;0.41935483;2
1396864467005;26264171;768.02124;617.8571;0.41935483;2
1396864467019;26264190;768.02124;617.8571;0.41935483;1
1396864467792;26264961;431.14285;625.8928;0.41935483;0
1396864467845;26265012;450.23898;621.2655;0.41935483;2
1396864467862;26265029;486.48334;617.00757;0.41935483;2
1396864467880;26265045;550.9747;609.268;0.41935483;2
1396864467894;26265057;602.3953;603.1077;0.41935483;2
1396864467908;26265074;682.6294;596.58923;0.41935483;2
1396864467925;26265089;774.8572;592.8572;0.41935483;2
1396864467942;26265108;846.17303;590.1071;0.41935483;2
1396864467959;26265125;1023.6602;588.84955;0.41935483;2
1396864467976;26265142;1097.4803;590.1786;0.41935483;2
1396864467992;26265159;1152.2766;592.2844;0.41935483;2
1396864468009;26265176;1205.4647;593.6435;0.41935483;2
1396864468026;26265193;1237.398;597.68164;0.41935483;2
1396864468043;26265210;1259.7401;599.9774;0.41935483;2
1396864468060;26265226;1267.2549;600.0;0.41935483;2
1396864468077;26265243;1280.0994;602.3324;0.41935483;2
1396864468093;26265260;1286.8066;604.54596;0.41935483;2
1396864468112;26265277;1291.7051;605.3571;0.41935483;2
1396864468127;26265294;1295.8964;606.25;0.41935483;2
1396864468144;26265310;1299.7136;606.25;0.41935483;2
1396864468161;26265327;1302.4885;606.25;0.41935483;2
1396864468180;26265340;1304.143;607.58923;0.41935483;2
1396864468195;26265361;1305.7128;608.3317;0.41935483;2
1396864468212;26265371;1307.1428;609.8214;0.38709676;2
1396864468214;26265383;1307.1428;609.8214;0.38709676;1
1396864468891;26266061;650.5714;633.0357;0.41935483;0
1396864468972;26266138;688.4563;624.55896;0.41935483;2
1396864468988;26266154;748.2701;620.9971;0.41935483;2
1396864469003;26266168;802.9202;619.1895;0.41935483;2
1396864469019;26266185;871.8904;616.9584;0.41935483;2
1396864469035;26266202;942.19666;614.6978;0.41935483;2
1396864469052;26266215;992.1428;614.2857;0.41935483;2
1396864469071;26266236;1032.2161;614.90594;0.41935483;2
1396864469086;26266252;1084.1417;621.53467;0.41935483;2
1396864469103;26266269;1106.1205;626.2688;0.41935483;2
1396864469120;26266286;1114.3657;628.3016;0.41935483;2
1396864469137;26266303;1118.8901;630.5231;0.41935483;2
1396864469153;26266320;1121.7133;633.33124;0.41935483;2
1396864469171;26266337;1122.0;636.87744;0.41935483;2
1396864469188;26266353;1120.8431;637.81226;0.41935483;2
1396864469204;26266368;1116.4287;638.3928;0.38709676;2
1396864469207;26266377;1116.4287;638.3928;0.38709676;1
1396864470037;26267206;1470.8572;575.0;0.41935483;0
1396864470082;26267248;1454.3724;569.79517;0.41935483;2
1396864470099;26267265;1415.0608;564.8774;0.41935483;2
1396864470115;26267282;1361.9246;563.3928;0.41935483;2
1396864470132;26267298;1299.6753;565.27606;0.41935483;2
1396864470149;26267315;1217.9878;568.3464;0.41935483;2
1396864470165;26267331;1079.9216;569.6332;0.41935483;2
1396864470187;26267348;1037.559;569.498;0.41935483;2
1396864470199;26267365;924.169;566.84326;0.41935483;2
1396864470218;26267382;807.00464;566.0714;0.41935483;2
1396864470234;26267399;744.7299;566.0714;0.41935483;2
1396864470250;26267416;681.167;566.9643;0.41935483;2
1396864470266;26267432;623.02747;567.5091;0.41935483;2
1396864470284;26267449;578.9964;566.3297;0.41935483;2
1396864470300;26267461;558.8572;564.7322;0.41935483;2
1396864470316;26267483;541.1245;562.9812;0.41935483;2
1396864470334;26267500;528.24835;560.0517;0.41935483;2
1396864470350;26267517;520.5091;558.9286;0.41935483;2
1396864470367;26267533;516.4411;558.9286;0.41935483;2
1396864470384;26267550;514.15936;558.9286;0.41935483;2
1396864470401;26267567;512.1045;558.9286;0.41935483;2
1396864470418;26267581;510.4286;558.9286;0.41935483;2
1396864470485;26267651;512.3397;558.9286;0.41935483;2
1396864470502;26267664;513.8572;558.9286;0.41935483;2
1396864470518;26267685;515.0046;558.9286;0.41935483;2
1396864470535;26267694;515.5715;558.9286;0.41935483;2
1396864470569;26267731;516.1909;558.9286;0.41935483;2
1396864470572;26267741;516.1909;558.9286;0.41935483;1
1396864471510;26268679;423.4286;580.3571;0.41935483;0
1396864471556;26268722;441.36572;580.3571;0.41935483;2
1396864471572;26268739;482.30026;578.15765;0.41935483;2
1396864471589;26268755;561.99493;573.8239;0.41935483;2
1396864471606;26268771;669.4286;576.78564;0.41935483;2
1396864471627;26268794;752.2176;578.9891;0.41935483;2
1396864471644;26268811;954.2916;595.04865;0.41935483;2
1396864471661;26268827;1031.9514;603.4619;0.41935483;2
1396864471678;26268844;1124.8499;610.9086;0.41935483;2
1396864471695;26268861;1219.7632;618.95123;0.41935483;2
1396864471711;26268878;1281.263;626.27527;0.41935483;2
1396864471731;26268895;1332.0968;632.0636;0.41935483;2
1396864471746;26268911;1343.0583;633.16986;0.41935483;2
1396864471762;26268928;1354.0146;634.8214;0.41935483;2
1396864471781;26268945;1360.4863;634.8214;0.41935483;2
1396864471796;26268962;1364.1868;634.8214;0.41935483;2
1396864471812;26268968;1365.0;634.8214;0.41935483;2
1396864471849;26269012;1362.8977;634.8214;0.41935483;2
1396864471863;26269023;1361.5714;634.8214;0.41935483;2
1396864471885;26269046;1359.8027;634.8214;0.41935483;2
1396864471896;26269063;1357.7083;634.8214;0.41935483;2
1396864471913;26269079;1355.6322;634.8214;0.41935483;2
1396864471930;26269096;1353.524;634.8214;0.41935483;2
1396864471948;26269114;1351.4229;634.8214;0.41935483;2
1396864471964;26269130;1349.313;634.8214;0.41935483;2
1396864471981;26269147;1347.2759;634.8214;0.41935483;2
1396864472000;26269164;1346.2491;634.8214;0.41935483;2
1396864472015;26269179;1344.4286;634.8214;0.41935483;2
1396864472018;26269187;1344.4286;634.8214;0.41935483;1
1396864473176;26270345;1718.5714;653.5714;0.41935483;0
1396864473209;26270375;1684.2717;643.2997;0.41935483;2
1396864473226;26270392;1626.5679;629.7714;0.41935483;2
1396864473242;26270408;1555.1995;619.20776;0.41935483;2
1396864473259;26270425;1445.1273;606.93524;0.41935483;2
1396864473275;26270437;1388.1428;600.8929;0.41935483;2
1396864473292;26270458;1256.1686;593.3051;0.41935483;2
1396864473308;26270475;1046.4646;589.2857;0.41935483;2
1396864473325;26270492;942.8367;590.1786;0.41935483;2
1396864473342;26270509;796.13403;593.75;0.41935483;2
1396864473359;26270525;697.84216;596.71936;0.41935483;2
1396864473376;26270542;565.49506;603.81696;0.41935483;2
1396864473393;26270559;478.4253;608.9286;0.41935483;2
1396864473409;26270576;442.29147;608.9286;0.41935483;2
1396864473426;26270593;381.52075;607.8434;0.41935483;2
1396864473443;26270610;332.89398;604.40857;0.41935483;2
1396864473460;26270626;306.87482;601.78754;0.41935483;2
1396864473477;26270643;296.63654;601.7857;0.41935483;2
1396864473494;26270660;289.80603;601.7857;0.41935483;2
1396864473510;26270677;284.81183;601.7857;0.41935483;2
1396864473527;26270692;281.14285;601.7857;0.41935483;2
1396864473544;26270711;279.45276;601.7857;0.41935483;2
1396864473561;26270727;277.3878;602.1258;0.41935483;2
1396864473580;26270744;275.36633;602.6786;0.41935483;2
1396864473595;26270750;274.7143;602.6786;0.41935483;2
1396864473611;26270777;276.4286;602.2322;0.38709676;2
1396864473615;26270785;276.4286;602.2322;0.38709676;1
1396864474425;26271594;1518.8572;686.6071;0.41935483;0
1396864474453;26271619;1501.2377;684.01666;0.41935483;2
1396864474472;26271636;1473.7867;677.0379;0.41935483;2
1396864474486;26271653;1447.723;668.1578;0.41935483;2
1396864474503;26271664;1432.7144;662.5;0.41935483;2
1396864474519;26271685;1412.5637;655.4662;0.41935483;2
1396864474536;26271702;1363.2247;640.35034;0.41935483;2
1396864474553;26271719;1302.7917;622.2728;0.41935483;2
1396864474570;26271736;1236.8402;604.2971;0.41935483;2
1396864474586;26271753;1166.1012;589.2894;0.41935483;2
1396864474603;26271770;1089.9954;577.86395;0.41935483;2
1396864474620;26271786;989.28467;570.0297;0.41935483;2
1396864474637;26271803;954.7167;569.6428;0.41935483;2
1396864474654;26271820;863.88776;572.39215;0.41935483;2
1396864474671;26271837;760.72656;577.36395;0.41935483;2
1396864474687;26271854;705.9387;579.5469;0.41935483;2
1396864474704;26271871;653.61945;581.25;0.41935483;2
1396864474721;26271887;606.4019;581.25;0.41935483;2
1396864474738;26271904;581.11127;583.7276;0.41935483;2
1396864474755;26271918;558.8572;586.16077;0.41935483;2
1396864474772;26271938;542.0414;588.63367;0.41935483;2
1396864474788;26271955;520.4412;592.45135;0.41935483;2
1396864474805;26271972;509.13776;594.64386;0.41935483;2
1396864474822;26271988;502.91995;596.8036;0.41935483;2
1396864474839;26272005;498.162;599.02277;0.41935483;2
1396864474855;26272022;495.9533;600.0;0.41935483;2
1396864474872;26272039;493.88947;600.0;0.41935483;2
1396864474889;26272056;492.8719;600.0;0.41935483;2
1396864474906;26272066;491.5714;600.0;0.41935483;2
1396864474956;26272123;492.0;596.72003;0.32258064;2
1396864474961;26272132;492.0;596.72003;0.32258064;1
1396864475669;26272837;1250.5714;581.25;0.41935483;0
1396864475732;26272897;1232.6516;581.25;0.41935483;2
1396864475747;26272914;1214.0547;582.11554;0.41935483;2
1396864475766;26272930;1198.5009;583.31464;0.41935483;2
1396864475781;26272947;1139.1895;588.5014;0.41935483;2
1396864475797;26272964;1077.9811;593.4825;0.41935483;2
1396864475817;26272981;1015.76385;596.4286;0.41935483;2
1396864475831;26272998;958.518;596.4286;0.41935483;2
1396864475848;26273014;909.9169;596.4286;0.41935483;2
1396864475867;26273031;877.99664;594.6428;0.41935483;2
1396864475881;26273047;855.1394;594.6428;0.41935483;2
1396864475898;26273064;848.7169;594.6428;0.41935483;2
1396864475915;26273081;833.66064;593.75;0.41935483;2
1396864475935;26273098;825.3259;593.75;0.41935483;2
1396864475949;26273115;819.8427;593.75;0.41935483;2
1396864475965;26273132;816.0206;593.75;0.41935483;2
1396864475984;26273148;813.17505;593.75;0.41935483;2
1396864475999;26273165;811.12744;593.75;0.41935483;2
1396864476015;26273178;809.5714;593.75;0.41935483;2
1396864476033;26273199;808.2019;593.75;0.41935483;2
1396864476049;26273215;807.4286;592.41064;0.38709676;2
1396864476053;26273225;807.4286;592.41064;0.38709676;1
1396864476820;26273990;1249.7144;614.2857;0.41935483;0
1396864476890;26274057;1233.1594;622.11725;0.41935483;2
1396864476907;26274074;1210.5374;627.75543;0.41935483;2
1396864476923;26274089;1200.1627;629.3565;0.41935483;2
1396864476936;26274102;1170.9148;634.43024;0.41935483;2
1396864476953;26274119;1098.3098;640.5898;0.41935483;2
1396864476971;26274136;1037.0186;639.98267;0.41935483;2
1396864476987;26274153;980.81525;632.29065;0.41935483;2
1396864477004;26274170;932.5654;619.80347;0.41935483;2
1396864477021;26274187;901.6928;608.7843;0.41935483;2
1396864477038;26274201;881.1428;601.7857;0.41935483;2
1396864477057;26274221;865.7495;598.05865;0.41935483;2
1396864477071;26274237;850.24896;595.0797;0.41935483;2
1396864477088;26274254;844.40424;594.6428;0.41935483;2
1396864477107;26274271;841.4343;594.6428;0.41935483;2
1396864477121;26274288;839.39624;594.6428;0.41935483;2
1396864477141;26274305;840.41077;593.9825;0.41935483;2
1396864477155;26274319;843.4285;592.41064;0.3548387;2
1396864477165;26274337;843.4285;592.41064;0.3548387;1
1396864477926;26275097;655.7143;629.4643;0.41935483;0
1396864477985;26275150;674.83856;624.1071;0.41935483;2
1396864478000;26275167;715.48926;625.5757;0.41935483;2
1396864478018;26275182;767.1187;629.0996;0.41935483;2
1396864478033;26275199;796.6797;630.1865;0.41935483;2
1396864478051;26275216;862.43256;630.2082;0.41935483;2
1396864478068;26275233;933.1925;628.3857;0.41935483;2
1396864478083;26275250;991.38586;622.9339;0.41935483;2
1396864478100;26275267;1025.3433;620.0389;0.41935483;2
1396864478119;26275283;1045.8201;618.75;0.41935483;2
1396864478137;26275300;1054.5804;618.75;0.41935483;2
1396864478152;26275314;1059.8572;618.75;0.41935483;2
1396864478168;26275334;1061.9418;618.75;0.41935483;2
1396864478186;26275345;1063.2858;618.75;0.41935483;2
1396864478268;26275435;1062.8572;616.9458;0.38709676;2
1396864478283;26275454;1062.8572;616.9458;0.38709676;1
1396864479050;26276221;1267.7144;640.1786;0.41935483;0
1396864479110;26276276;1252.745;632.9528;0.41935483;2
1396864479126;26276293;1232.9355;631.6912;0.41935483;2
1396864479145;26276308;1207.9688;630.3571;0.41935483;2
1396864479154;26276321;1174.3932;629.0969;0.41935483;2
1396864479172;26276338;1149.7222;628.5714;0.41935483;2
1396864479189;26276355;1097.2463;628.5714;0.41935483;2
1396864479206;26276372;1049.8002;629.0679;0.41935483;2
1396864479223;26276389;1011.9926;629.4643;0.41935483;2
1396864479240;26276406;984.3771;629.8461;0.41935483;2
1396864479256;26276423;955.1923;631.25;0.41935483;2
1396864479273;26276440;930.6804;631.25;0.41935483;2
1396864479291;26276456;920.0635;631.25;0.41935483;2
1396864479307;26276473;910.38086;631.25;0.41935483;2
1396864479326;26276490;903.453;631.25;0.41935483;2
1396864479340;26276507;898.86176;631.25;0.41935483;2
1396864479359;26276524;894.6212;631.25;0.41935483;2
1396864479374;26276538;892.71436;631.25;0.3548387;2
1396864479378;26276546;892.71436;631.25;0.3548387;1
1396864480069;26277239;1518.0;591.9643;0.41935483;0
1396864480152;26277318;1488.1144;595.39966;0.41935483;2
1396864480169;26277335;1467.1105;596.44366;0.41935483;2
1396864480188;26277350;1413.0735;598.3878;0.41935483;2
1396864480198;26277363;1359.9519;599.1071;0.41935483;2
1396864480215;26277381;1272.0856;597.7776;0.41935483;2
1396864480232;26277398;1165.2217;594.8405;0.41935483;2
1396864480250;26277415;1087.344;592.62994;0.41935483;2
1396864480268;26277432;985.0354;589.5573;0.41935483;2
1396864480283;26277449;909.9079;588.3928;0.41935483;2
1396864480299;26277465;876.87494;588.3928;0.41935483;2
1396864480316;26277482;769.01495;589.9215;0.41935483;2
1396864480337;26277499;689.6881;593.75;0.41935483;2
1396864480349;26277516;633.896;593.75;0.41935483;2
1396864480367;26277533;582.36365;595.55804;0.41935483;2
1396864480385;26277550;550.375;596.4286;0.41935483;2
1396864480401;26277566;535.2048;596.4286;0.41935483;2
1396864480417;26277578;531.0;596.4286;0.41935483;2
1396864480437;26277600;528.4284;597.3214;0.41935483;2
1396864480451;26277617;526.271;597.3214;0.41935483;2
1396864480468;26277634;524.2067;597.3214;0.41935483;2
1396864480485;26277641;523.28577;597.3214;0.41935483;2
1396864480534;26277701;525.5467;596.36707;0.38709676;2
1396864480551;26277718;526.6217;595.1857;0.3548387;2
1396864480554;26277724;526.6217;595.1857;0.3548387;1
1396864481364;26278535;108.0;608.9286;0.41935483;0
1396864481447;26278613;134.79001;607.9495;0.41935483;2
1396864481466;26278630;204.65103;601.2828;0.41935483;2
1396864481481;26278647;301.4239;591.55615;0.41935483;2
1396864481497;26278663;453.87527;576.2999;0.41935483;2
1396864481513;26278680;554.5687;569.0072;0.41935483;2
1396864481536;26278696;650.5283;560.07153;0.41935483;2
1396864481547;26278713;875.7448;539.8287;0.41935483;2
1396864481563;26278730;1018.88403;528.68884;0.41935483;2
1396864481582;26278747;1131.0134;524.7139;0.41935483;2
1396864481597;26278764;1265.1732;523.0879;0.41935483;2
1396864481614;26278780;1335.6914;524.386;0.41935483;2
1396864481631;26278797;1402.3157;525.8928;0.41935483;2
1396864481649;26278810;1444.7142;527.2322;0.41935483;2
1396864481666;26278831;1480.0305;526.97656;0.41935483;2
1396864481681;26278848;1509.546;528.2519;0.41935483;2
1396864481698;26278864;1521.9333;528.5714;0.41935483;2
1396864481715;26278881;1531.1595;528.5714;0.41935483;2
1396864481734;26278898;1537.7053;528.5714;0.41935483;2
1396864481748;26278915;1544.1332;528.5714;0.41935483;2
1396864481765;26278932;1552.4192;529.2758;0.41935483;2
1396864481782;26278948;1556.5322;530.3469;0.41935483;2
1396864481801;26278965;1566.1521;532.5317;0.41935483;2
1396864481816;26278982;1576.5596;534.6999;0.41935483;2
1396864481834;26278999;1584.0922;536.93677;0.41935483;2
1396864481849;26279016;1589.1326;537.5;0.38709676;2
1396864481856;26279016;1589.1428;537.5;0.3548387;2
1396864481858;26279028;1589.1428;537.5;0.3548387;1
1396864482579;26279750;732.0;646.4286;0.41935483;0
1396864482639;26279806;743.2856;646.4286;0.41935483;2
1396864482656;26279823;753.2849;646.4286;0.41935483;2
1396864482673;26279833;771.4286;645.08923;0.41935483;2
1396864482690;26279856;818.08276;642.6245;0.41935483;2
1396864482707;26279873;882.74646;638.1545;0.41935483;2
1396864482723;26279890;941.13745;632.8301;0.41935483;2
1396864482740;26279907;993.30914;627.4565;0.41935483;2
1396864482757;26279924;1023.79535;626.7857;0.41935483;2
1396864482774;26279940;1039.8718;626.7857;0.41935483;2
1396864482791;26279957;1048.7965;626.7857;0.41935483;2
1396864482807;26279974;1052.5364;626.7857;0.41935483;2
1396864482824;26279991;1057.0715;627.7902;0.41935483;2
1396864482841;26280008;1060.795;629.102;0.41935483;2
1396864482858;26280024;1062.9391;630.3571;0.41935483;2
1396864482875;26280041;1065.0892;630.3571;0.41935483;2
1396864482891;26280058;1067.2291;630.3571;0.41935483;2
1396864482908;26280075;1069.3711;630.3571;0.41935483;2
1396864482925;26280091;1068.8969;630.3571;0.41935483;2
1396864482933;26280092;1068.8572;630.3571;0.3548387;2
1396864482936;26280104;1068.8572;630.3571;0.3548387;1
1396864483877;26281046;1720.2858;579.4643;0.41935483;0
1396864483952;26281118;1671.394;564.25226;0.41935483;2
1396864483968;26281135;1595.0443;558.9286;0.41935483;2
1396864483984;26281150;1498.7643;559.61755;0.41935483;2
1396864484001;26281167;1398.8147;564.0327;0.41935483;2
1396864484017;26281184;1335.3242;567.98346;0.41935483;2
1396864484038;26281201;1169.4838;577.0301;0.41935483;2
1396864484052;26281218;1050.8123;580.3571;0.41935483;2
1396864484068;26281235;917.8965;581.25;0.41935483;2
1396864484085;26281251;807.4736;582.1143;0.41935483;2
1396864484102;26281268;708.8054;584.8214;0.41935483;2
1396864484118;26281285;579.99695;584.8214;0.41935483;2
1396864484135;26281302;510.4469;585.7143;0.41935483;2
1396864484152;26281319;470.57645;587.4997;0.41935483;2
1396864484169;26281335;380.07635;594.61206;0.41935483;2
1396864484186;26281352;327.88882;599.9025;0.41935483;2
1396864484203;26281369;305.0851;602.55963;0.41935483;2
1396864484219;26281386;295.2149;604.7469;0.41935483;2
1396864484236;26281403;287.6578;606.25;0.41935483;2
1396864484254;26281420;283.49026;606.25;0.41935483;2
1396864484272;26281436;282.24777;606.25;0.41935483;2
1396864484287;26281453;280.4821;606.25;0.41935483;2
1396864484304;26281466;279.00003;606.25;0.41935483;2
1396864484335;26281494;280.2857;606.25;0.38709676;2
1396864484338;26281507;280.2857;606.25;0.38709676;1
1396864486175;26283344;1261.7144;619.6428;0.41935483;0
1396864486238;26283404;1244.5144;619.6428;0.41935483;2
1396864486255;26283421;1219.747;620.5357;0.41935483;2
1396864486270;26283436;1180.2856;621.875;0.41935483;2
1396864486289;26283454;1152.6738;622.3214;0.41935483;2
1396864486305;26283470;1090.0574;622.1593;0.41935483;2
1396864486321;26283487;1030.2112;619.93756;0.41935483;2
1396864486338;26283504;980.8725;617.7902;0.41935483;2
1396864486356;26283521;948.4334;617.8571;0.41935483;2
1396864486372;26283538;923.34216;617.8571;0.41935483;2
1396864486391;26283555;905.7115;617.8571;0.41935483;2
1396864486405;26283571;898.43146;617.8571;0.41935483;2
1396864486424;26283588;889.36786;617.8571;0.41935483;2
1396864486439;26283605;882.1735;618.75;0.41935483;2
1396864486456;26283622;878.2737;619.3515;0.41935483;2
1396864486474;26283639;875.89624;620.5357;0.41935483;2
1396864486489;26283655;873.8687;620.5357;0.41935483;2
1396864486506;26283672;871.6555;622.3826;0.41935483;2
1396864486512;26283684;871.6555;622.3826;0.41935483;1
1396864487569;26284740;697.7143;631.25;0.41935483;0
1396864487630;26284795;719.67163;623.05695;0.41935483;2
1396864487645;26284811;749.10693;617.7902;0.41935483;2
1396864487661;26284828;799.7126;611.9793;0.41935483;2
1396864487684;26284848;860.24005;607.18604;0.41935483;2
1396864487699;26284865;888.11554;603.5564;0.41935483;2
1396864487715;26284882;940.8313;597.11847;0.41935483;2
1396864487732;26284899;990.3849;591.3968;0.41935483;2
1396864487749;26284916;1021.53076;588.8529;0.41935483;2
1396864487766;26284933;1050.5588;586.63104;0.41935483;2
1396864487786;26284950;1075.1178;586.6071;0.41935483;2
1396864487800;26284966;1095.157;586.6071;0.41935483;2
1396864487817;26284983;1104.97;586.6071;0.41935483;2
1396864487834;26285000;1115.3796;586.6071;0.41935483;2
1396864487850;26285017;1128.2102;586.6071;0.41935483;2
1396864487867;26285034;1135.2799;587.3491;0.41935483;2
1396864487884;26285050;1140.587;587.5;0.41935483;2
1396864487903;26285060;1142.5714;587.5;0.38709676;2
1396864487906;26285072;1142.5714;587.5;0.38709676;1
1396864488736;26285906;1514.5714;626.7857;0.41935483;0
1396864488822;26285988;1502.9006;626.7857;0.41935483;2
1396864488838;26286005;1485.7837;626.7857;0.41935483;2
1396864488856;26286021;1419.9042;623.14056;0.41935483;2
1396864488873;26286037;1349.8717;618.0977;0.41935483;2
1396864488887;26286053;1278.8077;614.01746;0.41935483;2
1396864488903;26286070;1202.5593;610.64154;0.41935483;2
1396864488920;26286087;1128.1649;608.9286;0.41935483;2
1396864488937;26286103;1056.4264;608.9286;0.41935483;2
1396864488953;26286114;1008.4286;608.9286;0.41935483;2
1396864488970;26286137;945.5256;608.9286;0.41935483;2
1396864488987;26286153;856.9328;609.8214;0.41935483;2
1396864489004;26286170;788.7354;610.26215;0.41935483;2
1396864489020;26286187;728.23474;612.44684;0.41935483;2
1396864489037;26286204;676.2496;613.7598;0.41935483;2
1396864489054;26286221;641.54364;615.94037;0.41935483;2
1396864489071;26286237;624.20624;616.9643;0.41935483;2
1396864489089;26286254;617.24915;617.8571;0.41935483;2
1396864489104;26286271;607.0268;619.5839;0.41935483;2
1396864489121;26286288;603.0557;619.6428;0.41935483;2
1396864489140;26286305;600.9906;619.6428;0.41935483;2
1396864489155;26286321;598.9441;619.6428;0.41935483;2
1396864489172;26286338;596.7613;619.6428;0.41935483;2
1396864489189;26286355;594.6425;619.6428;0.41935483;2
1396864489254;26286414;594.0;617.8571;0.3548387;2
1396864489257;26286425;594.0;617.8571;0.3548387;1
1396864490048;26287217;1866.0;644.6428;0.3548387;0
1396864490137;26287303;1833.2546;647.5333;0.3548387;2
1396864490154;26287320;1771.356;643.24036;0.3548387;2
1396864490170;26287335;1701.2607;638.614;0.3548387;2
1396864490183;26287349;1621.9254;631.31195;0.3548387;2
1396864490201;26287366;1484.0391;616.28864;0.3548387;2
1396864490217;26287382;1410.857;606.6965;0.3548387;2
1396864490234;26287400;1345.3143;600.0028;0.3548387;2
1396864490251;26287417;1137.743;582.91235;0.3548387;2
1396864490268;26287434;1044.2998;578.8146;0.3548387;2
1396864490288;26287451;958.3645;578.5714;0.3548387;2
1396864490303;26287468;833.40295;578.5714;0.3548387;2
1396864490318;26287484;750.3518;578.5714;0.3548387;2
1396864490335;26287501;659.96844;576.32556;0.3548387;2
1396864490352;26287518;621.49316;575.1137;0.3548387;2
1396864490369;26287535;557.2486;575.159;0.3548387;2
1396864490386;26287552;502.11185;578.1738;0.3548387;2
1396864490403;26287569;467.81815;582.01495;0.3548387;2
1396864490421;26287585;446.46347;585.1005;0.3548387;2
1396864490437;26287602;433.26492;587.23645;0.3548387;2
1396864490453;26287619;424.761;589.38513;0.3548387;2
1396864490470;26287636;420.0;591.5178;0.3548387;2
1396864490487;26287653;418.5545;591.9643;0.3548387;2
1396864490503;26287669;416.49554;591.9643;0.3548387;2
1396864490520;26287686;414.56635;591.9643;0.3548387;2
1396864490537;26287703;412.5906;591.9643;0.3548387;2
1396864490554;26287716;411.00003;591.9643;0.3548387;2
1396864490560;26287731;411.00003;591.9643;0.3548387;1
1396864491673;26288844;1206.0;630.3571;0.41935483;0
1396864491751;26288917;1196.1088;626.0982;0.41935483;2
1396864491768;26288934;1187.0682;623.9001;0.41935483;2
1396864491784;26288950;1163.1534;620.4097;0.41935483;2
1396864491799;26288963;1133.8722;617.8108;0.41935483;2
1396864491814;26288977;1092.857;614.28577;0.41935483;2
1396864491832;26288997;1061.9176;613.3148;0.41935483;2
1396864491848;26289014;1001.614;611.2139;0.41935483;2
1396864491865;26289031;952.17096;609.03986;0.41935483;2
1396864491885;26289048;921.1335;608.0357;0.41935483;2
1396864491898;26289065;904.61816;608.0357;0.41935483;2
1396864491915;26289082;881.31213;607.1428;0.41935483;2
1396864491935;26289099;870.282;607.1428;0.41935483;2
1396864491949;26289115;865.3935;607.1428;0.41935483;2
1396864491966;26289132;860.5886;607.1428;0.41935483;2
1396864491986;26289149;858.49567;607.1428;0.41935483;2
1396864491999;26289166;856.3517;607.1428;0.41935483;2
1396864492013;26289172;855.4286;608.0357;0.38709676;2
1396864492015;26289184;855.4286;608.0357;0.38709676;1
1396864493671;26290841;1265.1428;631.25;0.41935483;0
1396864493768;26290934;1242.4105;627.9452;0.41935483;2
1396864493785;26290951;1190.5038;627.6786;0.41935483;2
1396864493801;26290968;1132.4601;629.4643;0.41935483;2
1396864493818;26290985;1077.984;629.4643;0.41935483;2
1396864493835;26291002;1030.9572;629.4643;0.41935483;2
1396864493852;26291018;1010.90027;629.4643;0.41935483;2
1396864493869;26291035;984.87;630.4199;0.41935483;2
1396864493885;26291052;961.5543;632.6769;0.41935483;2
1396864493902;26291069;948.52136;634.89136;0.41935483;2
1396864493919;26291086;942.68756;635.7143;0.41935483;2
1396864493936;26291102;939.28015;635.7143;0.41935483;2
1396864493942;26291113;939.28015;635.7143;0.41935483;1
1396864494847;26292017;696.0;581.25;0.41935483;0
1396864494911;26292077;709.3445;581.25;0.41935483;2
1396864494928;26292094;718.49884;583.25867;0.41935483;2
1396864494944;26292111;729.7864;584.5908;0.41935483;2
1396864494961;26292127;767.1732;585.7143;0.41935483;2
1396864494979;26292144;830.7777;582.95734;0.41935483;2
1396864494995;26292161;892.7489;575.9746;0.41935483;2
1396864495011;26292178;953.707;567.4066;0.41935483;2
1396864495029;26292195;1006.6727;557.6834;0.41935483;2
1396864495045;26292212;1054.775;549.4029;0.41935483;2
1396864495062;26292228;1088.4585;545.20135;0.41935483;2
1396864495079;26292245;1099.4913;544.6428;0.41935483;2
1396864495095;26292262;1115.2728;546.30237;0.41935483;2
1396864495114;26292279;1123.4144;548.35944;0.41935483;2
1396864495129;26292296;1128.8136;550.4237;0.41935483;2
1396864495146;26292313;1132.9349;552.5703;0.41935483;2
1396864495160;26292319;1134.0;553.5714;0.38709676;2
1396864495162;26292332;1134.0;553.5714;0.38709676;1
1396864496232;26293402;1463.1428;634.8214;0.41935483;0
1396864496268;26293434;1445.7471;626.2941;0.41935483;2
1396864496286;26293450;1416.6486;614.3773;0.41935483;2
1396864496301;26293467;1344.6;597.7232;0.41935483;2
1396864496317;26293483;1271.4603;586.1478;0.41935483;2
1396864496341;26293506;1174.5226;577.3426;0.41935483;2
1396864496356;26293522;1102.7831;572.8868;0.41935483;2
1396864496374;26293539;1027.0684;569.90424;0.41935483;2
1396864496390;26293556;955.8283;569.6428;0.41935483;2
1396864496407;26293573;924.93146;569.6428;0.41935483;2
1396864496424;26293590;841.6355;570.3475;0.41935483;2
1396864496440;26293606;778.2272;570.5357;0.41935483;2
1396864496457;26293623;731.6256;570.9999;0.41935483;2
1396864496474;26293640;697.0985;571.4286;0.41935483;2
1396864496491;26293657;680.35895;573.5768;0.41935483;2
1396864496508;26293674;666.7072;575.7455;0.41935483;2
1396864496524;26293685;659.5714;575.8928;0.41935483;2
1396864496541;26293707;655.0696;578.01434;0.41935483;2
1396864496558;26293724;651.59625;580.1825;0.41935483;2
1396864496575;26293741;649.45013;582.41797;0.41935483;2
1396864496593;26293764;649.45013;582.41797;0.41935483;1
1396864497414;26294585;1207.7144;641.9643;0.41935483;0
1396864497461;26294628;1188.943;635.73663;0.41935483;2
1396864497478;26294644;1169.3951;631.4426;0.41935483;2
1396864497495;26294661;1142.614;629.193;0.41935483;2
1396864497511;26294677;1125.1355;627.8963;0.41935483;2
1396864497533;26294699;1063.7648;625.0;0.41935483;2
1396864497550;26294716;1013.7193;625.0;0.41935483;2
1396864497567;26294733;975.7093;623.71075;0.41935483;2
1396864497584;26294750;949.21875;624.1071;0.41935483;2
1396864497600;26294767;924.52734;626.21906;0.41935483;2
1396864497617;26294783;900.4398;627.6786;0.41935483;2
1396864497634;26294795;884.14294;627.6786;0.41935483;2
1396864497651;26294817;869.7908;627.6786;0.41935483;2
1396864497668;26294834;850.643;626.7857;0.41935483;2
1396864497685;26294851;839.98975;625.8928;0.41935483;2
1396864497701;26294867;833.3658;625.8928;0.41935483;2
1396864497718;26294884;828.1165;625.8928;0.41935483;2
1396864497735;26294901;823.1811;625.8928;0.41935483;2
1396864497751;26294918;819.0023;625.0;0.41935483;2
1396864497768;26294935;816.9153;625.0;0.41935483;2
1396864497785;26294952;814.0012;624.1071;0.41935483;2
1396864497802;26294968;811.89594;623.2143;0.41935483;2
1396864497819;26294985;810.8572;622.0321;0.41935483;2
1396864497830;26294990;810.8572;621.4286;0.38709676;2
1396864497832;26295001;810.8572;621.4286;0.38709676;1
1396864498628;26295797;702.0;641.9643;0.41935483;0
1396864498677;26295844;715.34735;636.6836;0.41935483;2
1396864498694;26295860;738.67035;631.38934;0.41935483;2
1396864498711;26295877;791.00574;625.50244;0.41935483;2
1396864498727;26295893;849.5426;620.5238;0.41935483;2
1396864498743;26295910;914.14294;614.7321;0.41935483;2
1396864498760;26295927;942.374;611.5976;0.41935483;2
1396864498777;26295944;1008.9588;605.08765;0.41935483;2
1396864498794;26295960;1064.4843;600.70667;0.41935483;2
1396864498813;26295977;1101.0502;599.1071;0.41935483;2
1396864498830;26295994;1116.8893;599.1071;0.41935483;2
1396864498844;26296011;1128.0801;600.0209;0.41935483;2
1396864498861;26296028;1135.2644;602.22473;0.41935483;2
1396864498878;26296045;1138.8049;603.45404;0.41935483;2
1396864498895;26296061;1142.6953;604.4643;0.41935483;2
1396864498914;26296078;1146.4089;604.4643;0.41935483;2
1396864498930;26296095;1149.3171;604.4643;0.41935483;2
1396864498947;26296112;1151.3658;604.4643;0.41935483;2
1396864498963;26296129;1153.5048;604.4643;0.41935483;2
1396864498983;26296145;1155.5458;604.5863;0.41935483;2
1396864498999;26296162;1157.5713;606.6964;0.41935483;2
1396864499013;26296179;1158.0;607.8748;0.41935483;2
1396864499020;26296180;1158.0;608.0357;0.41935483;2
1396864499022;26296192;1158.0;608.0357;0.41935483;1
1396864499933;26297104;1502.5714;659.8214;0.41935483;0
1396864500001;26297165;1492.006;656.15283;0.41935483;2
1396864500018;26297182;1479.7203;652.1277;0.41935483;2
1396864500032;26297198;1421.7529;636.3196;0.41935483;2
1396864500048;26297215;1356.7085;619.6041;0.41935483;2
1396864500074;26297238;1260.6399;597.2761;0.41935483;2
1396864500088;26297255;1185.1674;584.59766;0.41935483;2
1396864500108;26297272;1099.2571;575.77704;0.41935483;2
1396864500122;26297289;1002.3724;571.4286;0.41935483;2
1396864500139;26297305;969.4745;571.4286;0.41935483;2
1396864500156;26297322;898.3132;574.75476;0.41935483;2
1396864500172;26297339;834.44354;579.1762;0.41935483;2
1396864500191;26297356;786.1742;583.464;0.41935483;2
1396864500206;26297373;756.0864;586.302;0.41935483;2
1396864500225;26297389;733.1314;590.131;0.41935483;2
1396864500240;26297406;711.98035;594.3511;0.41935483;2
1396864500257;26297421;699.0;598.21423;0.41935483;2
1396864500275;26297440;691.72064;599.99866;0.41935483;2
1396864500290;26297457;682.76135;602.1083;0.41935483;2
1396864500307;26297474;678.5334;604.18646;0.41935483;2
1396864500324;26297490;676.12366;606.41876;0.41935483;2
1396864500341;26297507;673.5071;607.4813;0.41935483;2
1396864500350;26297509;672.8572;607.1428;0.3548387;2
1396864500352;26297521;672.8572;607.1428;0.3548387;1
1396864501217;26298385;490.2857;595.5357;0.41935483;0
1396864501291;26298456;500.36426;596.56396;0.41935483;2
1396864501306;26298473;514.9545;597.3214;0.41935483;2
1396864501322;26298489;558.5713;597.3214;0.41935483;2
1396864501337;26298499;592.72284;597.3214;0.41935483;2
1396864501349;26298516;656.2636;596.4286;0.41935483;2
1396864501366;26298533;730.3415;592.6252;0.41935483;2
1396864501384;26298549;835.71436;587.0535;0.41935483;2
1396864501400;26298567;880.8566;583.4173;0.41935483;2
1396864501417;26298584;1034.9802;573.141;0.41935483;2
1396864501434;26298601;1121.7617;569.8361;0.41935483;2
1396864501451;26298617;1185.1752;570.7729;0.41935483;2
1396864501468;26298634;1245.7413;572.1279;0.41935483;2
1396864501485;26298651;1292.8225;575.28094;0.41935483;2
1396864501501;26298668;1308.4315;577.4559;0.41935483;2
1396864501518;26298685;1314.7589;578.5544;0.41935483;2
1396864501535;26298702;1321.9767;579.4643;0.41935483;2
1396864501552;26298718;1326.631;581.1322;0.41935483;2
1396864501570;26298735;1330.6125;582.1428;0.41935483;2
1396864501586;26298752;1332.7142;582.1428;0.41935483;2
1396864501602;26298769;1334.8871;583.0357;0.41935483;2
1396864501619;26298786;1336.965;583.9286;0.41935483;2
1396864501636;26298798;1338.4286;583.9286;0.41935483;2
1396864501653;26298819;1340.0956;584.3257;0.41935483;2
1396864501669;26298829;1339.7144;584.8214;0.38709676;2
1396864501672;26298841;1339.7144;584.8214;0.38709676;1
1396864502453;26299623;660.8572;614.2857;0.41935483;0
1396864502495;26299660;676.54846;607.05164;0.41935483;2
1396864502510;26299676;710.5853;596.64813;0.41935483;2
1396864502527;26299693;762.4574;588.837;0.41935483;2
1396864502543;26299709;811.28564;586.16064;0.41935483;2
1396864502560;26299726;841.2559;586.6071;0.41935483;2
1396864502578;26299743;902.5511;586.6071;0.41935483;2
1396864502593;26299760;952.322;587.5;0.41935483;2
1396864502610;26299777;982.0839;588.3928;0.41935483;2
1396864502627;26299794;1003.14594;589.8152;0.41935483;2
1396864502644;26299810;1018.7737;592.049;0.41935483;2
1396864502661;26299827;1031.5483;594.2668;0.41935483;2
1396864502678;26299844;1036.8102;595.4491;0.41935483;2
1396864502695;26299861;1044.7288;597.51117;0.41935483;2
1396864502711;26299878;1050.3131;598.2143;0.41935483;2
1396864502729;26299894;1054.502;599.21967;0.41935483;2
1396864502745;26299911;1058.8201;599.1071;0.41935483;2
1396864502761;26299919;1061.1428;599.1071;0.38709676;2
1396864502763;26299931;1061.1428;599.1071;0.38709676;1
1396864503724;26300892;1832.5714;642.8571;0.3548387;0
1396864503804;26300971;1789.876;629.74347;0.3548387;2
1396864503821;26300988;1645.1365;612.4783;0.3548387;2
1396864503837;26301002;1573.6605;606.8405;0.3548387;2
1396864503849;26301015;1432.7667;594.52527;0.3548387;2
1396864503867;26301033;1308.5823;586.4464;0.3548387;2
1396864503883;26301050;1113.8586;572.89417;0.3548387;2
1396864503900;26301067;983.69354;562.6173;0.3548387;2
1396864503919;26301084;944.76965;559.16516;0.3548387;2
1396864503934;26301100;755.3447;543.15564;0.3548387;2
1396864503951;26301117;688.11145;539.66656;0.3548387;2
1396864503968;26301134;621.63007;539.2857;0.3548387;2
1396864503988;26301151;559.1636;539.2857;0.3548387;2
1396864504001;26301168;507.31274;541.03784;0.3548387;2
1396864504018;26301185;472.56088;544.5951;0.3548387;2
1396864504035;26301201;459.11554;547.056;0.3548387;2
1396864504053;26301218;439.94604;551.27893;0.3548387;2
1396864504069;26301235;424.2405;557.2906;0.3548387;2
1396864504086;26301252;415.23447;561.9403;0.3548387;2
1396864504102;26301269;409.42365;564.88354;0.3548387;2
1396864504119;26301286;405.35596;567.00214;0.3548387;2
1396864504138;26301302;401.23627;569.14777;0.3548387;2
1396864504153;26301315;397.7143;570.9822;0.3548387;2
1396864504170;26301336;394.90683;572.44434;0.3548387;2
1396864504186;26301353;386.89893;573.2143;0.3548387;2
1396864504204;26301370;376.4049;573.2143;0.3548387;2
1396864504222;26301387;366.95782;573.2143;0.3548387;2
1396864504237;26301403;359.54752;573.2143;0.3548387;2
1396864504256;26301420;354.227;573.2143;0.3548387;2
1396864504270;26301437;350.04312;573.2143;0.3548387;2
1396864504287;26301454;348.8585;573.2143;0.3548387;2
1396864504295;26301454;348.85715;573.2143;0.3548387;2
1396864504299;26301467;348.85715;573.2143;0.3548387;1
