1396873125233;29854201;1800.8572;634.8214;0.41935483;0
1396873125323;29854289;1781.6367;631.825;0.41935483;2
1396873125340;29854306;1760.6713;627.5471;0.41935483;2
1396873125357;29854322;1732.8647;623.101;0.41935483;2
1396873125374;29854339;1703.9728;618.6184;0.41935483;2
1396873125391;29854356;1659.1959;613.4579;0.41935483;2
1396873125408;29854373;1626.513;610.75244;0.41935483;2
1396873125425;29854390;1601.1697;609.6851;0.41935483;2
1396873125441;29854406;1543.3591;607.4545;0.41935483;2
1396873125458;29854423;1470.6501;603.4749;0.41935483;2
1396873125475;29854440;1410.7839;599.55084;0.41935483;2
1396873125491;29854457;1350.4478;596.53345;0.41935483;2
1396873125508;29854474;1289.9521;595.42255;0.41935483;2
1396873125525;29854491;1221.7567;595.99835;0.41935483;2
1396873125542;29854505;1162.7144;597.7678;0.41935483;2
1396873125559;29854524;1118.112;600.86914;0.41935483;2
1396873125575;29854541;981.3906;610.1216;0.41935483;2
1396873125592;29854558;908.34454;617.18896;0.41935483;2
1396873125609;29854575;848.53296;622.5622;0.41935483;2
1396873125626;29854591;784.5334;624.58844;0.41935483;2
1396873125643;29854608;723.8296;627.4212;0.41935483;2
1396873125662;29854625;660.90186;630.8465;0.41935483;2
1396873125676;29854642;624.78613;633.4874;0.41935483;2
1396873125693;29854659;570.8674;637.998;0.41935483;2
1396873125710;29854676;510.8003;644.3303;0.41935483;2
1396873125729;29854692;456.04962;649.42444;0.41935483;2
1396873125743;29854709;408.24786;652.74805;0.41935483;2
1396873125760;29854726;376.19577;653.5714;0.41935483;2
1396873125777;29854743;349.68948;652.7453;0.41935483;2
1396873125794;29854760;324.46405;650.44977;0.41935483;2
1396873125811;29854777;318.1794;649.3889;0.41935483;2
1396873125828;29854794;298.69003;644.2707;0.41935483;2
1396873125845;29854811;284.81598;640.5187;0.41935483;2
1396873125862;29854828;273.1489;638.33453;0.41935483;2
1396873125879;29854844;260.83218;636.13574;0.41935483;2
1396873125896;29854861;246.27719;633.96985;0.41935483;2
1396873125912;29854878;235.68451;631.7795;0.41935483;2
1396873125931;29854895;230.30249;630.5103;0.41935483;2
1396873125948;29854912;222.89459;628.5812;0.41935483;2
1396873125965;29854928;217.00844;626.7857;0.41935483;2
1396873125981;29854945;212.70618;626.7857;0.41935483;2
1396873125992;29854953;210.85715;626.7857;0.38709676;2
1396873125995;29854963;210.85715;626.7857;0.38709676;1
1396873131298;29860265;475.7143;645.5357;0.41935483;0
1396873131341;29860307;526.2144;636.99194;0.41935483;2
1396873131358;29860323;576.0905;629.19574;0.41935483;2
1396873131374;29860340;649.84076;620.03973;0.41935483;2
1396873131391;29860356;846.17334;600.8119;0.41935483;2
1396873131415;29860381;1003.1311;591.18024;0.41935483;2
1396873131432;29860398;1133.81;587.7879;0.41935483;2
1396873131452;29860415;1211.0265;586.6071;0.41935483;2
1396873131466;29860431;1266.9681;585.1506;0.41935483;2
1396873131485;29860432;1270.2858;584.8214;0.38709676;2
1396873131489;29860454;1270.2858;584.8214;0.38709676;1
1396873134337;29863307;96.0;619.6428;0.41935483;0
1396873134387;29863353;113.90058;619.6428;0.41935483;2
1396873134404;29863370;177.6337;618.372;0.41935483;2
1396873134421;29863387;260.87848;615.3463;0.41935483;2
1396873134438;29863399;396.85715;611.1607;0.41935483;2
1396873134456;29863419;483.5333;610.0841;0.41935483;2
1396873134471;29863436;700.30963;610.7143;0.41935483;2
1396873134488;29863453;901.4716;610.70764;0.41935483;2
1396873134505;29863470;1079.6664;603.0947;0.41935483;2
1396873134521;29863487;1244.529;594.2785;0.41935483;2
1396873134538;29863504;1439.0171;586.66565;0.41935483;2
1396873134555;29863520;1553.5657;582.3427;0.41935483;2
1396873134571;29863537;1595.3773;580.38873;0.41935483;2
1396873134591;29863554;1722.2737;576.2931;0.41935483;2
1396873134598;29863557;1760.5714;574.1071;0.38709676;2
1396873134601;29863569;1760.5714;574.1071;0.38709676;1
1396873139471;29868439;691.7143;627.6786;0.41935483;0
1396873139521;29868487;705.5563;621.84174;0.41935483;2
1396873139539;29868503;748.51953;613.35803;0.41935483;2
1396873139555;29868520;805.4131;606.2517;0.41935483;2
1396873139570;29868536;861.6302;601.8328;0.41935483;2
1396873139587;29868553;919.9208;597.4974;0.41935483;2
1396873139604;29868568;967.71423;595.08923;0.41935483;2
1396873139621;29868587;1000.2956;593.6752;0.41935483;2
1396873139638;29868603;1047.5822;592.8571;0.41935483;2
1396873139656;29868613;1069.7144;591.0714;0.38709676;2
1396873139660;29868625;1069.7144;591.0714;0.38709676;1
1396873142064;29871034;1462.2858;577.6786;0.41935483;0
1396873142139;29871105;1422.4414;576.60077;0.41935483;2
1396873142156;29871118;1382.1428;573.21423;0.41935483;2
1396873142172;29871136;1346.523;571.6038;0.41935483;2
1396873142184;29871150;1250.9852;565.4907;0.41935483;2
1396873142204;29871167;1156.3481;561.6071;0.41935483;2
1396873142218;29871184;1074.3322;561.6071;0.41935483;2
1396873142235;29871201;980.49664;564.91003;0.41935483;2
1396873142253;29871218;898.2849;572.67865;0.41935483;2
1396873142269;29871235;826.9893;578.74884;0.41935483;2
1396873142289;29871252;788.92236;580.9719;0.41935483;2
1396873142303;29871268;747.1207;579.97986;0.41935483;2
1396873142322;29871285;719.59094;578.383;0.41935483;2
1396873142333;29871290;714.8572;577.6786;0.38709676;2
1396873142335;29871303;714.8572;577.6786;0.38709676;1
1396873144419;29873388;1273.7144;616.9643;0.41935483;0
1396873144467;29873431;1254.7081;612.362;0.41935483;2
1396873144474;29873438;1230.8668;611.44214;0.41935483;2
1396873144485;29873450;1190.7507;610.7143;0.41935483;2
1396873144502;29873467;1134.192;608.55304;0.41935483;2
1396873144520;29873484;1076.214;605.6494;0.41935483;2
1396873144538;29873501;1018.5451;600.3478;0.41935483;2
1396873144552;29873517;965.3687;594.0026;0.41935483;2
1396873144568;29873530;925.7143;588.83936;0.41935483;2
1396873144585;29873549;902.3472;584.9313;0.41935483;2
1396873144592;29873549;901.7143;584.8214;0.41935483;2
1396873144595;29873561;901.7143;584.8214;0.41935483;1
1396873147690;29876659;480.0;607.1428;0.41935483;0
1396873147761;29876726;495.54758;602.6786;0.41935483;2
1396873147780;29876743;559.3716;603.5714;0.41935483;2
1396873147793;29876758;632.71643;603.5714;0.41935483;2
1396873147806;29876772;721.5493;602.29;0.41935483;2
1396873147823;29876789;841.17224;597.6331;0.41935483;2
1396873147840;29876806;961.5687;590.8815;0.41935483;2
1396873147857;29876823;1075.9354;583.3259;0.41935483;2
1396873147874;29876834;1147.7144;579.0178;0.41935483;2
1396873147891;29876857;1225.5172;576.73016;0.41935483;2
1396873147908;29876873;1362.1039;572.29504;0.41935483;2
1396873147925;29876890;1409.9315;572.3214;0.41935483;2
1396873147942;29876907;1434.4502;573.2143;0.41935483;2
1396873147958;29876924;1444.4823;574.1071;0.41935483;2
1396873147975;29876941;1450.0696;574.1071;0.41935483;2
1396873147992;29876958;1452.287;576.1917;0.41935483;2
1396873148009;29876974;1453.3147;576.3693;0.41935483;2
1396873148026;29876991;1455.4474;576.7857;0.41935483;2
1396873148059;29877025;1456.0538;576.7857;0.32258064;2
1396873148064;29877035;1456.0538;576.7857;0.32258064;1
1396873152495;29881464;1800.0;618.75;0.41935483;0
1396873152560;29881525;1764.7208;622.2772;0.41935483;2
1396873152576;29881542;1700.4772;620.69696;0.41935483;2
1396873152592;29881558;1662.8058;618.2868;0.41935483;2
1396873152610;29881575;1584.4768;610.0899;0.41935483;2
1396873152626;29881591;1431.0643;590.0741;0.41935483;2
1396873152642;29881608;1358.3131;582.8302;0.41935483;2
1396873152660;29881625;1209.5975;572.7904;0.41935483;2
1396873152676;29881642;1104.6055;571.4286;0.41935483;2
1396873152693;29881659;934.03186;574.2046;0.41935483;2
1396873152710;29881675;863.5714;575.0;0.41935483;2
1396873152727;29881692;803.8328;575.8928;0.41935483;2
1396873152743;29881709;604.5819;568.1763;0.41935483;2
1396873152760;29881726;536.867;563.27625;0.41935483;2
1396873152777;29881743;466.38724;558.9873;0.41935483;2
1396873152794;29881760;397.22803;558.4395;0.41935483;2
1396873152811;29881776;335.65936;560.6632;0.41935483;2
1396873152828;29881793;287.4164;564.04596;0.41935483;2
1396873152847;29881810;267.02792;565.89746;0.41935483;2
1396873152862;29881827;244.52347;567.9158;0.41935483;2
1396873152878;29881844;234.45253;567.8571;0.41935483;2
1396873152895;29881861;229.78677;567.8571;0.41935483;2
1396873152912;29881877;227.6449;567.8571;0.41935483;2
1396873152928;29881885;226.71428;567.8571;0.41935483;2
1396873152945;29881911;228.36267;567.8571;0.41935483;2
1396873152962;29881925;230.14287;567.8571;0.41935483;2
1396873152979;29881945;231.52087;568.8461;0.41935483;2
1396873152997;29881967;231.52087;568.8461;0.41935483;1
1396873155778;29884747;1817.1428;622.3214;0.41935483;0
1396873155832;29884798;1793.7343;617.86194;0.41935483;2
1396873155849;29884815;1754.4089;609.72394;0.41935483;2
1396873155866;29884832;1694.0316;599.58374;0.41935483;2
1396873155883;29884848;1663.6409;595.353;0.41935483;2
1396873155900;29884865;1528.9564;578.9073;0.41935483;2
1396873155918;29884882;1435.599;571.0049;0.41935483;2
1396873155934;29884899;1336.4423;568.0064;0.41935483;2
1396873155952;29884916;1168.8805;566.9643;0.41935483;2
1396873155967;29884933;1062.3873;568.4026;0.41935483;2
1396873155987;29884950;895.9722;572.6296;0.41935483;2
1396873156001;29884966;851.7926;573.2143;0.41935483;2
1396873156017;29884983;687.89703;576.00806;0.41935483;2
1396873156035;29885000;542.2493;576.7857;0.41935483;2
1396873156051;29885017;474.86536;576.7857;0.41935483;2
1396873156068;29885034;410.84082;575.48834;0.41935483;2
1396873156085;29885051;358.2919;573.29224;0.41935483;2
1396873156102;29885067;328.76883;570.2249;0.41935483;2
1396873156118;29885082;318.4286;568.3036;0.41935483;2
1396873156138;29885101;313.85342;567.8571;0.41935483;2
1396873156152;29885118;310.7762;567.8571;0.41935483;2
1396873156169;29885132;309.00003;567.8571;0.41935483;2
1396873156186;29885151;310.54684;566.9643;0.41935483;2
1396873156205;29885162;312.0;566.0714;0.41935483;2
1396873156208;29885174;312.0;566.0714;0.41935483;1
1396873158656;29887623;1222.2858;642.8571;0.41935483;0
1396873158688;29887651;1212.3019;640.0209;0.41935483;2
1396873158703;29887667;1185.8572;635.71423;0.41935483;2
1396873158719;29887685;1151.2653;634.0365;0.41935483;2
1396873158739;29887702;1082.1364;631.8931;0.41935483;2
1396873158752;29887718;1016.5764;629.8432;0.41935483;2
1396873158769;29887735;952.1915;626.8122;0.41935483;2
1396873158788;29887752;895.42194;622.53033;0.41935483;2
1396873158803;29887768;844.3956;619.6908;0.41935483;2
1396873158822;29887785;816.9139;618.75;0.41935483;2
1396873158837;29887802;802.3412;619.4892;0.41935483;2
1396873158852;29887811;791.1429;620.5357;0.41935483;2
1396873158855;29887823;791.1429;620.5357;0.41935483;1
1396873160794;29889764;1819.7144;587.5;0.38709676;0
1396873160851;29889817;1827.4359;587.5;0.38709676;2
1396873160869;29889833;1821.5756;587.2279;0.38709676;2
1396873160886;29889850;1802.0186;584.6851;0.38709676;2
1396873160901;29889866;1753.3374;577.885;0.38709676;2
1396873160917;29889883;1726.6387;573.90454;0.38709676;2
1396873160934;29889900;1617.1993;562.63434;0.38709676;2
1396873160951;29889917;1489.3447;554.4812;0.38709676;2
1396873160968;29889934;1394.1765;553.5714;0.38709676;2
1396873160985;29889950;1215.0249;556.08875;0.38709676;2
1396873161004;29889967;1079.0513;561.2215;0.38709676;2
1396873161018;29889984;923.455;567.6602;0.38709676;2
1396873161035;29889996;865.7143;570.53564;0.38709676;2
1396873161054;29890018;719.9907;572.3214;0.38709676;2
1396873161069;29890034;537.32166;570.68066;0.38709676;2
1396873161086;29890051;468.9617;570.2414;0.38709676;2
1396873161102;29890068;404.86295;569.019;0.38709676;2
1396873161119;29890085;343.51633;565.86536;0.38709676;2
1396873161137;29890102;294.0238;563.26764;0.38709676;2
1396873161153;29890118;267.09003;560.68225;0.38709676;2
1396873161172;29890135;259.1772;559.8214;0.38709676;2
1396873161186;29890152;247.77533;559.8214;0.38709676;2
1396873161203;29890169;240.34372;559.8214;0.38709676;2
1396873161220;29890186;237.80603;559.8214;0.38709676;2
1396873161237;29890200;236.14285;559.8214;0.38709676;2
1396873161249;29890219;236.14285;559.8214;0.38709676;1
1396873162769;29891737;1847.1428;615.1786;0.41935483;0
1396873162843;29891807;1822.7142;604.46423;0.41935483;2
1396873162860;29891825;1791.1625;598.161;0.41935483;2
1396873162876;29891842;1705.8104;589.5965;0.41935483;2
1396873162899;29891865;1575.5782;584.15015;0.41935483;2
1396873162919;29891882;1462.812;583.2107;0.41935483;2
1396873162935;29891898;1350.6573;586.276;0.41935483;2
1396873162949;29891915;1232.7954;587.5;0.41935483;2
1396873162966;29891932;1072.5533;591.0552;0.41935483;2
1396873162983;29891949;1023.0983;590.8262;0.41935483;2
1396873163001;29891966;857.9607;591.9643;0.41935483;2
1396873163017;29891982;760.2776;592.5678;0.41935483;2
1396873163034;29891999;676.10657;592.8571;0.41935483;2
1396873163050;29892016;572.8486;592.8571;0.41935483;2
1396873163067;29892033;501.41565;593.75;0.41935483;2
1396873163085;29892050;435.02527;592.4116;0.41935483;2
1396873163101;29892066;403.28354;591.9643;0.41935483;2
1396873163118;29892083;352.80478;591.9643;0.41935483;2
1396873163137;29892100;312.30887;591.9643;0.41935483;2
1396873163152;29892117;294.2392;592.1564;0.41935483;2
1396873163168;29892134;279.27182;594.37244;0.41935483;2
1396873163185;29892150;268.28253;596.4286;0.41935483;2
1396873163202;29892167;259.41354;596.4286;0.41935483;2
1396873163218;29892179;254.99998;596.4286;0.41935483;2
1396873163237;29892201;252.13634;596.4286;0.41935483;2
1396873163252;29892218;248.61102;596.4286;0.41935483;2
1396873163269;29892235;246.40866;596.4286;0.41935483;2
1396873163286;29892251;244.08508;595.3267;0.3548387;2
1396873163290;29892261;244.08508;595.3267;0.3548387;1
1396873165618;29894585;680.5714;635.7143;0.41935483;0
1396873165689;29894652;698.3549;634.7547;0.41935483;2
1396873165703;29894669;715.96484;632.5842;0.41935483;2
1396873165719;29894684;755.08954;627.2098;0.41935483;2
1396873165732;29894697;799.16675;622.22015;0.41935483;2
1396873165751;29894714;850.9115;616.8482;0.41935483;2
1396873165768;29894732;887.02386;614.5916;0.41935483;2
1396873165784;29894748;929.3913;612.39777;0.41935483;2
1396873165802;29894765;957.4037;611.6071;0.41935483;2
1396873165816;29894782;984.3856;610.7143;0.41935483;2
1396873165837;29894799;997.6082;610.7143;0.41935483;2
1396873165850;29894816;1022.79083;610.7143;0.41935483;2
1396873165868;29894833;1038.873;610.7143;0.41935483;2
1396873165885;29894849;1046.9745;613.05133;0.41935483;2
1396873165903;29894866;1053.6638;615.26025;0.41935483;2
1396873165917;29894883;1060.0074;617.4629;0.41935483;2
1396873165935;29894900;1064.816;619.7702;0.38709676;2
1396873165951;29894909;1068.4285;619.6428;0.3548387;2
1396873165954;29894925;1068.4285;619.6428;0.3548387;1
1396873167247;29896215;1476.8572;614.2857;0.41935483;0
1396873167307;29896272;1464.9725;613.59546;0.41935483;2
1396873167324;29896289;1441.7776;609.9279;0.41935483;2
1396873167339;29896305;1388.0455;603.0859;0.41935483;2
1396873167348;29896314;1356.167;600.7139;0.41935483;2
1396873167365;29896331;1296.5813;598.2345;0.41935483;2
1396873167382;29896347;1228.4884;598.2143;0.41935483;2
1396873167399;29896364;1158.4985;599.95844;0.41935483;2
1396873167415;29896381;1086.8857;603.03485;0.41935483;2
1396873167432;29896398;1044.4053;604.2992;0.41935483;2
1396873167449;29896415;971.02106;606.29553;0.41935483;2
1396873167466;29896431;874.1642;605.3571;0.41935483;2
1396873167483;29896448;817.0047;602.62384;0.41935483;2
1396873167500;29896465;764.9955;600.4462;0.41935483;2
1396873167516;29896482;718.8125;599.1071;0.41935483;2
1396873167533;29896499;690.52203;598.2143;0.41935483;2
1396873167550;29896512;667.28577;598.2143;0.41935483;2
1396873167569;29896532;651.90845;598.2143;0.41935483;2
1396873167583;29896549;633.087;597.3214;0.41935483;2
1396873167601;29896566;622.77185;597.3214;0.41935483;2
1396873167617;29896583;616.5521;597.3214;0.41935483;2
1396873167634;29896600;611.90393;597.3214;0.41935483;2
1396873167651;29896616;608.0881;597.3214;0.41935483;2
1396873167668;29896633;605.97784;597.3214;0.41935483;2
1396873167685;29896650;604.95917;597.3214;0.41935483;2
1396873167701;29896667;602.83655;597.3214;0.41935483;2
1396873167718;29896684;600.7976;597.3214;0.41935483;2
1396873167735;29896700;599.1429;596.81934;0.41935483;2
1396873167744;29896703;599.1429;596.4286;0.38709676;2
1396873167747;29896715;599.1429;596.4286;0.38709676;1
1396873173654;29902623;702.8572;641.9643;0.41935483;0
1396873173695;29902661;731.4811;639.1792;0.41935483;2
1396873173712;29902677;777.2891;633.2674;0.41935483;2
1396873173730;29902693;825.89276;629.0685;0.41935483;2
1396873173741;29902706;863.7069;625.91724;0.41935483;2
1396873173758;29902723;915.05524;621.63824;0.41935483;2
1396873173774;29902740;940.3096;619.492;0.41935483;2
1396873173791;29902757;997.5787;613.3061;0.41935483;2
1396873173808;29902773;1040.8953;607.2222;0.41935483;2
1396873173827;29902790;1069.5396;603.6482;0.41935483;2
1396873173844;29902807;1093.929;601.7857;0.41935483;2
1396873173858;29902824;1110.2787;599.308;0.41935483;2
1396873173866;29902824;1110.8572;599.1071;0.38709676;2
1396873173868;29902837;1110.8572;599.1071;0.38709676;1
1396873175977;29904946;147.42857;620.5357;0.41935483;0
1396873176058;29905023;159.46956;620.5357;0.41935483;2
1396873176074;29905040;193.68114;619.20966;0.41935483;2
1396873176091;29905055;267.9537;614.5148;0.41935483;2
1396873176102;29905068;383.12946;605.56836;0.41935483;2
1396873176122;29905085;479.4204;597.46405;0.41935483;2
1396873176139;29905102;621.5144;586.7479;0.41935483;2
1396873176154;29905119;773.0479;577.1283;0.41935483;2
1396873176171;29905136;932.11224;573.02594;0.41935483;2
1396873176187;29905153;998.8268;571.5143;0.41935483;2
1396873176205;29905170;1124.4955;570.3686;0.41935483;2
1396873176222;29905187;1319.692;570.04285;0.41935483;2
1396873176238;29905204;1400.7208;569.6428;0.41935483;2
1396873176257;29905220;1478.4684;569.6428;0.41935483;2
1396873176271;29905237;1549.8488;570.4006;0.41935483;2
1396873176289;29905254;1603.8257;573.9304;0.41935483;2
1396873176305;29905270;1659.4285;577.6786;0.41935483;2
1396873176322;29905288;1675.5273;579.29926;0.41935483;2
1396873176341;29905304;1696.2654;583.25366;0.41935483;2
1396873176355;29905321;1711.8064;587.0695;0.41935483;2
1396873176373;29905338;1723.1246;589.16284;0.41935483;2
1396873176389;29905355;1730.218;591.2463;0.41935483;2
1396873176406;29905372;1734.4845;593.3618;0.41935483;2
1396873176423;29905389;1736.5463;595.50946;0.41935483;2
1396873176440;29905400;1737.8572;596.875;0.41935483;2
1396873176447;29905417;1737.8572;596.875;0.41935483;1
1396873178624;29907594;116.57143;616.0714;0.41935483;0
1396873178702;29907667;125.28472;613.3485;0.41935483;2
1396873178717;29907683;139.28845;615.7592;0.41935483;2
1396873178734;29907699;180.83688;617.9225;0.41935483;2
1396873178760;29907725;254.25168;617.5999;0.41935483;2
1396873178777;29907742;405.84564;611.38446;0.41935483;2
1396873178793;29907759;474.76013;607.9264;0.41935483;2
1396873178810;29907776;585.1072;602.43555;0.41935483;2
1396873178827;29907793;740.0464;595.9125;0.41935483;2
1396873178844;29907810;849.9363;593.72876;0.41935483;2
1396873178861;29907826;1038.4286;592.41064;0.41935483;2
1396873178878;29907844;1070.6156;593.75;0.41935483;2
1396873178896;29907861;1271.2406;594.6428;0.41935483;2
1396873178913;29907876;1404.346;597.7233;0.41935483;2
1396873178927;29907893;1477.6172;601.53894;0.41935483;2
1396873178944;29907910;1549.7755;603.80963;0.41935483;2
1396873178961;29907927;1609.5814;606.75977;0.41935483;2
1396873178978;29907944;1653.6989;608.8494;0.41935483;2
1396873178995;29907956;1669.2856;610.2678;0.41935483;2
1396873179012;29907977;1677.1351;612.0817;0.41935483;2
1396873179028;29907994;1685.0197;613.3928;0.41935483;2
1396873179046;29908011;1690.8345;613.67865;0.41935483;2
1396873179062;29908028;1694.9263;614.2857;0.41935483;2
1396873179079;29908045;1698.08;614.2857;0.41935483;2
1396873179098;29908061;1700.1072;614.2857;0.41935483;2
1396873179112;29908078;1700.5714;615.10004;0.41935483;2
1396873179131;29908095;1700.5714;616.07697;0.41935483;2
1396873179143;29908102;1699.7144;616.9643;0.38709676;2
1396873179145;29908113;1699.7144;616.9643;0.38709676;1
1396873180963;29909933;1450.2858;575.0;0.41935483;0
1396873181028;29909992;1421.5725;589.6681;0.41935483;2
1396873181044;29910009;1379.083;599.28906;0.41935483;2
1396873181060;29910026;1331.7836;603.9733;0.41935483;2
1396873181077;29910043;1277.2156;603.7336;0.41935483;2
1396873181094;29910060;1211.8832;600.30896;0.41935483;2
1396873181111;29910077;1143.0398;594.2814;0.41935483;2
1396873181128;29910093;1109.1844;590.18384;0.41935483;2
1396873181144;29910110;1005.1028;583.646;0.41935483;2
1396873181161;29910127;910.8457;578.5939;0.41935483;2
1396873181179;29910144;848.8694;578.5714;0.41935483;2
1396873181196;29910161;790.3355;578.5714;0.41935483;2
1396873181213;29910178;733.78723;579.1635;0.41935483;2
1396873181228;29910194;688.1977;580.28345;0.41935483;2
1396873181247;29910208;659.5714;581.6964;0.41935483;2
1396873181262;29910227;639.50507;583.5066;0.41935483;2
1396873181279;29910244;607.86365;586.59155;0.41935483;2
1396873181295;29910261;595.82263;588.3928;0.41935483;2
1396873181312;29910278;587.64404;590.0046;0.41935483;2
1396873181332;29910294;582.4195;590.1786;0.41935483;2
1396873181345;29910311;578.2319;590.1786;0.41935483;2
1396873181363;29910328;575.08075;591.0714;0.41935483;2
1396873181382;29910345;574.05743;591.0714;0.41935483;2
1396873181396;29910362;571.98926;591.0714;0.41935483;2
1396873181414;29910378;569.8229;591.9643;0.41935483;2
1396873181431;29910395;567.4588;591.1029;0.38709676;2
1396873181436;29910396;567.4286;591.0714;0.3548387;2
1396873181440;29910407;567.4286;591.0714;0.3548387;1
1396873182953;29911923;1819.7144;616.9643;0.41935483;0
1396873183035;29912001;1803.8634;616.5188;0.41935483;2
1396873183051;29912017;1790.756;614.56824;0.41935483;2
1396873183068;29912034;1734.9441;606.745;0.41935483;2
1396873183091;29912057;1631.4518;595.61005;0.41935483;2
1396873183108;29912074;1549.5931;592.7165;0.41935483;2
1396873183125;29912091;1445.0962;590.5146;0.41935483;2
1396873183142;29912108;1330.1941;591.9508;0.41935483;2
1396873183159;29912125;1163.3015;596.7824;0.41935483;2
1396873183176;29912142;1108.7637;598.77795;0.41935483;2
1396873183193;29912158;926.3687;602.7343;0.41935483;2
1396873183209;29912175;779.9965;604.00336;0.41935483;2
1396873183226;29912192;706.3276;600.2094;0.41935483;2
1396873183243;29912209;606.07007;591.9905;0.41935483;2
1396873183260;29912226;529.4037;585.0802;0.41935483;2
1396873183277;29912243;463.61227;581.5405;0.41935483;2
1396873183294;29912257;411.85718;579.0179;0.41935483;2
1396873183311;29912276;379.49927;577.6321;0.41935483;2
1396873183331;29912293;331.27625;575.5129;0.41935483;2
1396873183345;29912310;305.38168;575.0;0.41935483;2
1396873183362;29912327;290.47086;573.2143;0.41935483;2
1396873183378;29912344;279.77844;571.50146;0.41935483;2
1396873183395;29912361;272.6952;571.4286;0.41935483;2
1396873183412;29912378;268.395;571.4286;0.41935483;2
1396873183432;29912394;266.45245;571.4286;0.41935483;2
1396873183441;29912400;265.7143;571.4286;0.41935483;2
1396873183443;29912412;265.7143;571.4286;0.41935483;1
1396873185114;29914084;1467.4286;652.6786;0.41935483;0
1396873185142;29914108;1447.2023;647.54175;0.41935483;2
1396873185159;29914125;1410.6956;640.8785;0.41935483;2
1396873185176;29914142;1366.2322;630.8885;0.41935483;2
1396873185193;29914158;1317.6263;621.1126;0.41935483;2
1396873185207;29914173;1268.9927;611.6855;0.41935483;2
1396873185224;29914190;1242.8221;606.81744;0.41935483;2
1396873185241;29914207;1157.4005;595.01013;0.41935483;2
1396873185258;29914224;1069.195;587.4672;0.41935483;2
1396873185275;29914240;995.7927;587.5;0.41935483;2
1396873185292;29914257;931.49817;589.2627;0.41935483;2
1396873185308;29914274;871.63666;593.16376;0.41935483;2
1396873185325;29914291;817.59125;599.9044;0.41935483;2
1396873185342;29914301;789.8572;604.0179;0.41935483;2
1396873185359;29914324;763.4358;608.2047;0.41935483;2
1396873185376;29914341;737.13544;610.71497;0.41935483;2
1396873185394;29914358;719.37054;612.84875;0.41935483;2
1396873185409;29914375;708.12244;614.0816;0.41935483;2
1396873185426;29914392;698.3989;616.33954;0.41935483;2
1396873185443;29914408;687.9653;618.4596;0.41935483;2
1396873185460;29914425;676.93286;620.57947;0.41935483;2
1396873185477;29914442;670.9914;621.63873;0.41935483;2
1396873185493;29914459;658.75104;623.7828;0.41935483;2
1396873185510;29914476;646.24756;625.90076;0.41935483;2
1396873185527;29914493;635.7239;626.7857;0.41935483;2
1396873185544;29914509;625.8312;627.6786;0.41935483;2
1396873185561;29914526;618.65216;627.6786;0.41935483;2
1396873185578;29914543;614.0787;628.38165;0.41935483;2
1396873185594;29914558;611.1428;628.5714;0.41935483;2
1396873185611;29914577;608.04614;628.5714;0.41935483;2
1396873185628;29914593;603.0044;628.5714;0.41935483;2
1396873185645;29914610;597.7634;627.40656;0.41935483;2
1396873185661;29914627;592.86084;625.29956;0.41935483;2
1396873185678;29914644;587.03015;623.1752;0.41935483;2
1396873185695;29914661;582.10443;621.46484;0.41935483;2
1396873185712;29914678;573.6973;618.8433;0.41935483;2
1396873185729;29914694;570.76013;617.8234;0.41935483;2
1396873185745;29914711;565.6831;616.9643;0.41935483;2
1396873185762;29914728;562.3521;616.9643;0.41935483;2
1396873185777;29914735;561.4286;615.1786;0.38709676;2
1396873185781;29914747;561.4286;615.1786;0.38709676;1
1396873187475;29916443;727.7143;613.3928;0.41935483;0
1396873187542;29916508;717.67957;608.2971;0.41935483;2
1396873187559;29916525;715.5221;608.0357;0.41935483;2
1396873187588;29916554;716.9656;609.3392;0.41935483;2
1396873187605;29916571;720.92535;610.7498;0.41935483;2
1396873187622;29916588;728.9082;612.9273;0.41935483;2
1396873187639;29916605;736.2203;614.14844;0.41935483;2
1396873187657;29916622;765.84485;614.2857;0.41935483;2
1396873187673;29916639;825.2724;614.2857;0.41935483;2
1396873187690;29916655;874.34155;613.3903;0.41935483;2
1396873187707;29916672;916.88995;612.5;0.41935483;2
1396873187723;29916689;945.70056;612.5;0.41935483;2
1396873187743;29916706;973.45026;611.3536;0.41935483;2
1396873187759;29916722;996.8572;609.375;0.41935483;2
1396873187774;29916740;1008.35876;608.9286;0.41935483;2
1396873187791;29916756;1025.4192;606.4012;0.41935483;2
1396873187810;29916773;1040.5466;602.8317;0.41935483;2
1396873187825;29916790;1052.8779;600.6908;0.41935483;2
1396873187841;29916807;1064.2073;598.53235;0.41935483;2
1396873187858;29916824;1072.4105;596.3961;0.41935483;2
1396873187875;29916840;1078.6897;594.6428;0.41935483;2
1396873187891;29916857;1082.2228;594.6428;0.41935483;2
1396873187908;29916874;1086.2665;594.6428;0.41935483;2
1396873187925;29916891;1090.5198;594.6428;0.41935483;2
1396873187942;29916908;1092.9255;594.6428;0.41935483;2
1396873187959;29916925;1095.0677;594.6428;0.41935483;2
1396873187976;29916941;1097.1458;594.6428;0.41935483;2
1396873187992;29916958;1099.2561;594.6428;0.41935483;2
1396873188009;29916973;1101.0;594.6428;0.41935483;2
1396873188026;29916992;1102.3652;594.6428;0.41935483;2
1396873188043;29917009;1104.4504;594.6428;0.41935483;2
1396873188060;29917025;1105.7238;594.6428;0.41935483;2
1396873188076;29917042;1105.7144;593.2148;0.41935483;2
1396873188092;29917053;1104.8572;591.9643;0.3548387;2
1396873188094;29917063;1104.8572;591.9643;0.3548387;1
1396873192818;29921788;1464.0;657.1428;0.41935483;0
1396873192879;29921844;1430.972;636.40894;0.41935483;2
1396873192895;29921861;1394.1327;625.7484;0.41935483;2
1396873192912;29921877;1346.9067;618.4588;0.41935483;2
1396873192930;29921894;1288.8723;614.075;0.41935483;2
1396873192945;29921911;1225.823;612.5;0.41935483;2
1396873192962;29921923;1177.2856;612.5;0.41935483;2
1396873192982;29921945;1123.8663;613.6671;0.41935483;2
1396873192996;29921962;997.79297;620.7039;0.41935483;2
1396873193013;29921978;936.07666;625.37695;0.41935483;2
1396873193031;29921995;878.3234;629.16516;0.41935483;2
1396873193049;29922012;824.1693;631.25;0.41935483;2
1396873193063;29922029;778.06244;629.8359;0.41935483;2
1396873193081;29922046;748.892;627.7272;0.41935483;2
1396873193097;29922063;736.5564;626.7387;0.41935483;2
1396873193114;29922080;703.41516;623.0938;0.41935483;2
1396873193131;29922096;679.1738;620.5723;0.41935483;2
1396873193147;29922113;657.816;618.75;0.41935483;2
1396873193164;29922130;641.2985;618.75;0.41935483;2
1396873193182;29922147;625.41705;618.75;0.41935483;2
1396873193198;29922164;612.3902;618.75;0.41935483;2
1396873193215;29922177;604.71436;618.75;0.41935483;2
1396873193232;29922198;596.8959;618.75;0.41935483;2
1396873193249;29922214;587.26984;618.75;0.41935483;2
1396873193265;29922230;580.5747;618.75;0.41935483;2
1396873193282;29922245;576.8572;618.75;0.38709676;2
1396873193285;29922253;576.8572;618.75;0.38709676;1
1396873195021;29923988;1224.0;634.8214;0.41935483;0
1396873195055;29924021;1202.6912;631.26245;0.41935483;2
1396873195074;29924037;1163.2058;628.1686;0.41935483;2
1396873195089;29924051;1125.8572;626.33923;0.41935483;2
1396873195105;29924070;1111.7687;626.7857;0.41935483;2
1396873195128;29924094;1036.9418;621.88446;0.41935483;2
1396873195145;29924111;989.9312;618.8316;0.41935483;2
1396873195162;29924127;955.4313;617.491;0.41935483;2
1396873195179;29924144;928.6962;616.0714;0.41935483;2
1396873195195;29924161;904.0275;613.9366;0.41935483;2
1396873195212;29924176;888.0;613.3928;0.41935483;2
1396873195229;29924195;881.05194;612.5;0.41935483;2
1396873195246;29924212;867.9348;610.7143;0.41935483;2
1396873195263;29924228;857.1974;609.83276;0.41935483;2
1396873195281;29924245;849.9874;609.8214;0.41935483;2
1396873195297;29924262;844.3309;609.8214;0.41935483;2
1396873195313;29924279;840.12506;609.8214;0.41935483;2
1396873195330;29924296;836.72723;609.8214;0.41935483;2
1396873195347;29924312;835.69147;609.8214;0.41935483;2
1396873195363;29924329;833.5699;609.8214;0.41935483;2
1396873195381;29924346;831.434;609.8214;0.41935483;2
1396873195397;29924363;829.2997;609.8214;0.41935483;2
1396873195414;29924380;827.12714;609.8214;0.41935483;2
1396873195445;29924405;827.1429;608.9286;0.38709676;2
1396873195448;29924416;827.1429;608.9286;0.38709676;1
1396873197166;29926135;121.71429;610.7143;0.41935483;0
1396873197245;29926211;140.35333;610.7143;0.41935483;2
1396873197262;29926228;173.93425;606.99976;0.41935483;2
1396873197281;29926245;225.39775;601.89246;0.41935483;2
1396873197296;29926262;284.85095;596.23975;0.41935483;2
1396873197311;29926277;351.01526;590.9808;0.41935483;2
1396873197328;29926289;405.0;587.49994;0.41935483;2
1396873197345;29926310;476.853;584.04565;0.41935483;2
1396873197361;29926327;661.84564;577.76447;0.41935483;2
1396873197378;29926344;754.15106;574.6295;0.41935483;2
1396873197398;29926361;901.94995;569.9484;0.41935483;2
1396873197412;29926378;1012.9369;567.4768;0.41935483;2
1396873197429;29926394;1108.5859;563.6325;0.41935483;2
1396873197445;29926411;1224.0834;561.26855;0.41935483;2
1396873197462;29926428;1258.056;561.6071;0.41935483;2
1396873197484;29926445;1409.7247;562.5375;0.41935483;2
1396873197497;29926462;1478.4951;563.8211;0.41935483;2
1396873197513;29926478;1537.7959;565.1786;0.41935483;2
1396873197532;29926495;1590.619;567.43756;0.41935483;2
1396873197546;29926512;1635.7958;569.6173;0.41935483;2
1396873197563;29926529;1662.6052;573.8607;0.41935483;2
1396873197580;29926546;1677.9464;576.4292;0.41935483;2
1396873197597;29926563;1696.2863;580.35724;0.41935483;2
1396873197614;29926579;1705.9895;583.33057;0.41935483;2
1396873197631;29926596;1712.7659;585.4842;0.41935483;2
1396873197648;29926613;1717.1686;587.6622;0.41935483;2
1396873197664;29926630;1720.7563;589.77594;0.41935483;2
1396873197681;29926647;1722.8317;591.9377;0.41935483;2
1396873197698;29926663;1724.9257;594.119;0.41935483;2
1396873197715;29926680;1724.5714;595.18164;0.41935483;2
1396873197732;29926686;1724.5714;595.9822;0.41935483;2
1396873197782;29926748;1722.5824;595.8219;0.41935483;2
1396873197799;29926764;1720.4285;596.4286;0.41935483;2
1396873197818;29926781;1716.3652;598.2143;0.41935483;2
1396873197832;29926798;1713.8074;598.2143;0.41935483;2
1396873197849;29926815;1709.9304;598.2143;0.41935483;2
1396873197866;29926832;1705.7297;598.2143;0.41935483;2
1396873197884;29926849;1701.387;598.2143;0.41935483;2
1396873197901;29926865;1699.2343;598.2143;0.41935483;2
1396873197916;29926882;1697.0653;598.2143;0.41935483;2
1396873197933;29926899;1695.4286;597.59784;0.41935483;2
1396873197950;29926910;1696.7144;595.9822;0.3548387;2
1396873197962;29926922;1698.0;595.5357;0.32258064;2
1396873197965;29926933;1698.0;595.5357;0.32258064;1
1396873201472;29930442;1800.8572;647.3214;0.41935483;0
1396873201520;29930485;1784.4873;641.8488;0.41935483;2
1396873201536;29930502;1728.6727;630.6759;0.41935483;2
1396873201553;29930519;1676.054;618.6563;0.41935483;2
1396873201570;29930535;1626.0402;605.1903;0.41935483;2
1396873201591;29930557;1555.5095;583.4849;0.41935483;2
1396873201609;29930574;1493.3597;566.6984;0.41935483;2
1396873201625;29930590;1450.7177;557.1041;0.41935483;2
1396873201642;29930607;1384.4144;544.62964;0.41935483;2
1396873201659;29930624;1196.8865;519.4869;0.41935483;2
1396873201675;29930641;1117.4733;514.3388;0.41935483;2
1396873201692;29930658;978.3143;509.06076;0.41935483;2
1396873201709;29930674;895.0043;507.4701;0.41935483;2
1396873201726;29930691;817.4946;509.64413;0.41935483;2
1396873201743;29930708;730.4491;512.6441;0.41935483;2
1396873201759;29930725;692.30334;514.9282;0.41935483;2
1396873201776;29930742;577.64404;523.63464;0.41935483;2
1396873201793;29930758;500.01147;529.8681;0.41935483;2
1396873201809;29930775;452.15488;535.6156;0.41935483;2
1396873201828;29930792;407.8752;541.22485;0.41935483;2
1396873201843;29930809;382.6697;546.29834;0.41935483;2
1396873201860;29930826;356.61798;552.22003;0.41935483;2
1396873201881;29930838;340.7143;556.6964;0.41935483;2
1396873201894;29930859;330.29395;561.50507;0.41935483;2
1396873201910;29930876;317.30692;566.89594;0.41935483;2
1396873201927;29930893;311.1179;571.1483;0.41935483;2
1396873201944;29930910;306.44345;573.87616;0.41935483;2
1396873201961;29930927;302.19122;576.0908;0.41935483;2
1396873201978;29930943;298.1112;578.2159;0.41935483;2
1396873201994;29930960;295.73343;580.33716;0.41935483;2
1396873202012;29930977;294.79266;581.31714;0.41935483;2
1396873202028;29930994;291.80038;583.54126;0.41935483;2
1396873202045;29931011;287.95447;585.73804;0.41935483;2
1396873202062;29931027;283.64517;587.9824;0.41935483;2
1396873202082;29931044;279.42398;590.18097;0.41935483;2
1396873202095;29931061;274.7853;592.38605;0.41935483;2
1396873202112;29931078;268.55057;594.55084;0.41935483;2
1396873202129;29931089;264.4286;595.9822;0.41935483;2
1396873202146;29931111;259.24094;597.7834;0.41935483;2
1396873202163;29931128;254.65524;599.95636;0.41935483;2
1396873202180;29931145;250.84367;602.09735;0.41935483;2
1396873202196;29931162;247.65002;604.53125;0.38709676;2
1396873202203;29931174;247.65002;604.53125;0.38709676;1
1396873203521;29932488;706.2857;632.1428;0.41935483;0
1396873203591;29932556;716.9844;632.1428;0.41935483;2
1396873203607;29932573;748.2783;627.73047;0.41935483;2
1396873203624;29932590;816.55884;619.6729;0.41935483;2
1396873203642;29932606;873.56464;613.68;0.41935483;2
1396873203657;29932623;927.7727;609.3818;0.41935483;2
1396873203675;29932640;974.4362;607.1428;0.41935483;2
1396873203691;29932657;1003.89185;607.1428;0.41935483;2
1396873203708;29932673;1025.8417;607.1428;0.41935483;2
1396873203726;29932690;1037.5728;607.1428;0.41935483;2
1396873203741;29932707;1066.6455;602.78766;0.41935483;2
1396873203754;29932713;1077.4286;597.3214;0.3548387;2
1396873203757;29932725;1077.4286;597.3214;0.3548387;1
1396873205028;29933997;688.2857;621.4286;0.41935483;0
1396873205085;29934051;700.4195;619.6428;0.41935483;2
1396873205102;29934068;735.12415;615.7984;0.41935483;2
1396873205118;29934083;784.0757;613.73676;0.41935483;2
1396873205132;29934096;822.9814;611.95087;0.41935483;2
1396873205148;29934114;870.976;611.6071;0.41935483;2
1396873205165;29934131;914.68524;610.7143;0.41935483;2
1396873205182;29934148;962.24255;610.9106;0.41935483;2
1396873205199;29934165;974.1195;611.09015;0.41935483;2
1396873205216;29934181;1013.14343;611.6071;0.41935483;2
1396873205236;29934198;1043.6367;611.6071;0.41935483;2
1396873205250;29934215;1063.9098;611.6071;0.41935483;2
1396873205269;29934232;1082.6877;611.6071;0.41935483;2
1396873205283;29934249;1096.3873;611.6071;0.41935483;2
1396873205300;29934264;1108.2859;613.83923;0.3548387;2
1396873205311;29934281;1108.2859;613.83923;0.3548387;1
1396873206525;29935494;1227.4286;632.1428;0.41935483;0
1396873206576;29935541;1214.4398;627.9809;0.41935483;2
1396873206592;29935558;1197.5315;624.46704;0.41935483;2
1396873206609;29935575;1171.8063;620.1052;0.41935483;2
1396873206626;29935591;1143.5226;615.70276;0.41935483;2
1396873206648;29935612;1096.7134;606.52454;0.41935483;2
1396873206663;29935627;1071.4286;602.6786;0.41935483;2
1396873206684;29935646;1051.544;600.8546;0.41935483;2
1396873206698;29935662;999.4346;598.7192;0.41935483;2
1396873206714;29935679;959.99164;597.3894;0.41935483;2
1396873206733;29935696;934.81305;597.3214;0.41935483;2
1396873206749;29935713;909.234;596.5725;0.41935483;2
1396873206766;29935729;895.68646;596.12616;0.41935483;2
1396873206782;29935746;884.58777;595.5357;0.41935483;2
1396873206801;29935764;879.79865;594.6428;0.41935483;2
1396873206815;29935781;869.9224;593.9124;0.41935483;2
1396873206828;29935787;864.0;591.9643;0.32258064;2
1396873206831;29935799;864.0;591.9643;0.32258064;1
1396873208131;29937100;480.0;608.9286;0.41935483;0
1396873208192;29937158;491.80774;607.1428;0.41935483;2
1396873208209;29937175;516.56775;608.1285;0.41935483;2
1396873208226;29937192;574.0526;608.0357;0.41935483;2
1396873208242;29937208;629.8458;607.1804;0.41935483;2
1396873208259;29937224;658.1691;605.24615;0.41935483;2
1396873208275;29937241;765.7892;598.1012;0.41935483;2
1396873208292;29937258;888.52216;590.9911;0.41935483;2
1396873208309;29937275;960.77893;589.6848;0.41935483;2
1396873208326;29937292;1040.1736;588.3928;0.41935483;2
1396873208343;29937308;1117.3385;588.3928;0.41935483;2
1396873208360;29937325;1190.3481;588.3928;0.41935483;2
1396873208376;29937336;1229.5715;588.3928;0.41935483;2
1396873208393;29937359;1276.7035;588.3928;0.41935483;2
1396873208410;29937376;1332.492;588.3928;0.41935483;2
1396873208427;29937393;1351.3168;589.81195;0.41935483;2
1396873208444;29937409;1363.2253;591.0714;0.41935483;2
1396873208461;29937426;1370.3785;591.0714;0.41935483;2
1396873208477;29937443;1375.7579;591.0714;0.41935483;2
1396873208494;29937459;1380.0;591.0714;0.41935483;2
1396873208511;29937477;1382.0066;591.0714;0.41935483;2
1396873208528;29937493;1384.4158;591.0714;0.41935483;2
1396873208545;29937509;1386.4286;591.0714;0.41935483;2
1396873208561;29937526;1386.0;592.41077;0.41935483;2
1396873208567;29937537;1386.0;592.41077;0.41935483;1
1396873209863;29938832;1461.4286;608.9286;0.41935483;0
1396873209922;29938888;1443.2996;615.1786;0.41935483;2
1396873209942;29938905;1404.0658;614.1483;0.41935483;2
1396873209956;29938922;1348.2191;608.4288;0.41935483;2
1396873209972;29938938;1284.0905;602.11896;0.41935483;2
1396873209989;29938954;1250.691;599.95483;0.41935483;2
1396873210005;29938971;1138.3314;593.69446;0.41935483;2
1396873210022;29938988;1023.78204;589.3342;0.41935483;2
1396873210039;29939005;962.65924;588.3928;0.41935483;2
1396873210056;29939022;896.7168;588.3928;0.41935483;2
1396873210073;29939039;832.3713;590.4732;0.41935483;2
1396873210092;29939055;773.3101;592.6523;0.41935483;2
1396873210107;29939067;735.8571;592.8571;0.41935483;2
1396873210123;29939089;704.52;593.27734;0.41935483;2
1396873210142;29939106;666.0254;594.6428;0.41935483;2
1396873210157;29939123;645.2687;596.6726;0.41935483;2
1396873210174;29939139;623.4319;598.8463;0.41935483;2
1396873210193;29939156;610.3714;601.0535;0.41935483;2
1396873210208;29939173;598.83453;603.32733;0.41935483;2
1396873210224;29939184;589.71423;600.8928;0.3548387;2
1396873210231;29939201;589.71423;600.8928;0.3548387;1
1396873211436;29940406;456.0;633.9286;0.41935483;0
1396873211501;29940467;469.77972;633.02435;0.41935483;2
1396873211518;29940484;531.7207;626.1651;0.41935483;2
1396873211534;29940499;600.1522;619.27216;0.41935483;2
1396873211546;29940512;661.29065;615.6368;0.41935483;2
1396873211564;29940529;753.3648;610.78284;0.41935483;2
1396873211581;29940546;859.80646;605.492;0.41935483;2
1396873211598;29940563;944.9019;603.24207;0.41935483;2
1396873211615;29940580;993.7332;602.6786;0.41935483;2
1396873211632;29940597;1081.2056;603.5714;0.41935483;2
1396873211648;29940614;1196.6661;606.7827;0.41935483;2
1396873211666;29940631;1251.3221;608.9286;0.41935483;2
1396873211683;29940647;1292.2914;609.8214;0.41935483;2
1396873211702;29940664;1313.0236;609.8214;0.41935483;2
1396873211716;29940681;1330.3751;609.8214;0.41935483;2
1396873211733;29940693;1340.5714;609.8214;0.41935483;2
1396873211749;29940715;1344.988;609.8214;0.41935483;2
1396873211767;29940732;1349.6761;609.8214;0.41935483;2
1396873211786;29940749;1352.7985;609.8214;0.41935483;2
1396873211799;29940765;1354.9133;609.8214;0.41935483;2
1396873211819;29940782;1356.551;609.8214;0.41935483;2
1396873211834;29940799;1357.7144;609.8337;0.38709676;2
1396873211841;29940799;1357.7144;609.8214;0.3548387;2
1396873211844;29940811;1357.7144;609.8214;0.3548387;1
1396873213153;29942121;505.7143;618.75;0.41935483;0
1396873213234;29942197;533.959;612.306;0.41935483;2
1396873213250;29942214;600.68243;609.1727;0.41935483;2
1396873213264;29942229;658.4765;607.19574;0.41935483;2
1396873213276;29942242;711.78674;604.70496;0.41935483;2
1396873213295;29942259;791.33704;601.4044;0.41935483;2
1396873213310;29942276;874.86584;599.1382;0.41935483;2
1396873213327;29942293;958.2857;596.875;0.41935483;2
1396873213344;29942310;996.63885;597.3214;0.41935483;2
1396873213362;29942327;1121.7051;597.56775;0.41935483;2
1396873213381;29942344;1178.6713;599.7716;0.41935483;2
1396873213395;29942360;1225.0105;601.9553;0.41935483;2
1396873213411;29942377;1255.5203;604.14984;0.41935483;2
1396873213428;29942394;1278.1284;606.3641;0.41935483;2
1396873213445;29942411;1292.2051;608.5674;0.41935483;2
1396873213462;29942428;1297.3975;609.7389;0.41935483;2
1396873213481;29942444;1303.619;610.7143;0.41935483;2
1396873213496;29942461;1309.1003;610.7143;0.41935483;2
1396873213512;29942478;1313.4211;610.7143;0.41935483;2
1396873213531;29942495;1318.1298;612.5;0.41935483;2
1396873213546;29942512;1325.2748;612.5;0.41935483;2
1396873213565;29942529;1334.978;612.5;0.41935483;2
1396873213582;29942543;1342.2856;612.5;0.41935483;2
1396873213599;29942562;1347.9286;612.67365;0.41935483;2
1396873213615;29942577;1352.5715;614.7322;0.3548387;2
1396873213618;29942585;1352.5715;614.7322;0.3548387;1
1396873214795;29943764;1803.4286;618.75;0.41935483;0
1396873214870;29943836;1785.7762;624.1589;0.41935483;2
1396873214887;29943852;1727.8647;614.8217;0.41935483;2
1396873214903;29943869;1656.9474;603.83997;0.41935483;2
1396873214927;29943893;1531.006;588.5883;0.41935483;2
1396873214944;29943909;1414.6849;576.6318;0.41935483;2
1396873214960;29943926;1293.9492;568.3932;0.41935483;2
1396873214977;29943938;1170.8572;561.16064;0.41935483;2
1396873214994;29943960;1090.537;561.6071;0.41935483;2
1396873215011;29943977;887.88635;560.8521;0.41935483;2
1396873215028;29943993;783.8038;562.84595;0.41935483;2
1396873215045;29944010;702.78265;564.2857;0.41935483;2
1396873215061;29944027;600.3697;564.2857;0.41935483;2
1396873215078;29944044;533.0226;563.3928;0.41935483;2
1396873215095;29944061;468.54163;562.5;0.41935483;2
1396873215112;29944078;444.33817;561.6071;0.41935483;2
1396873215129;29944094;397.77695;562.49677;0.41935483;2
1396873215146;29944111;378.64813;563.7549;0.41935483;2
1396873215162;29944128;362.49765;567.62396;0.41935483;2
1396873215182;29944145;351.22684;570.7563;0.41935483;2
1396873215196;29944162;340.40005;573.9047;0.41935483;2
1396873215213;29944178;331.93842;576.1126;0.41935483;2
1396873215231;29944195;328.6972;576.7857;0.41935483;2
1396873215247;29944212;325.5973;575.77094;0.38709676;2
1396873215266;29944218;324.85715;575.8928;0.3548387;2
1396873215269;29944235;324.85715;575.8928;0.3548387;1
1396873216647;29945617;160.28572;600.0;0.41935483;0
1396873216734;29945699;222.38388;604.41327;0.41935483;2
1396873216749;29945715;287.39038;608.0357;0.41935483;2
1396873216775;29945741;413.29367;603.82263;0.41935483;2
1396873216794;29945757;530.1601;595.7381;0.41935483;2
1396873216808;29945774;656.6481;586.70764;0.41935483;2
1396873216825;29945791;774.682;581.07605;0.41935483;2
1396873216842;29945808;872.39294;579.6403;0.41935483;2
1396873216859;29945825;1106.2953;575.57275;0.41935483;2
1396873216876;29945842;1219.824;575.0;0.41935483;2
1396873216895;29945859;1377.9637;574.71106;0.41935483;2
1396873216910;29945876;1470.3745;575.7254;0.41935483;2
1396873216931;29945893;1544.3969;577.0778;0.41935483;2
1396873216944;29945908;1601.9592;578.97327;0.41935483;2
1396873216960;29945925;1632.7113;581.7877;0.41935483;2
1396873216977;29945942;1676.8716;586.81696;0.41935483;2
1396873216993;29945959;1690.8235;588.9793;0.41935483;2
1396873217010;29945976;1698.146;591.1221;0.41935483;2
1396873217027;29945992;1703.9951;593.30096;0.41935483;2
1396873217046;29946009;1707.9395;595.35535;0.41935483;2
1396873217061;29946026;1710.0;597.5213;0.41935483;2
1396873217081;29946043;1710.0;598.863;0.41935483;2
1396873217094;29946060;1707.771;600.7145;0.41935483;2
1396873217111;29946077;1703.4208;601.7857;0.41935483;2
1396873217128;29946093;1698.4133;601.7857;0.41935483;2
1396873217145;29946110;1692.7943;601.7857;0.41935483;2
1396873217161;29946127;1686.9138;601.7857;0.41935483;2
1396873217178;29946144;1682.6068;601.7857;0.41935483;2
1396873217195;29946158;1679.1428;601.7857;0.41935483;2
1396873217212;29946178;1676.2273;601.7857;0.41935483;2
1396873217229;29946194;1674.3291;601.7857;0.41935483;2
1396873217246;29946211;1672.2858;601.64636;0.41935483;2
1396873217262;29946228;1670.6348;598.34625;0.3548387;2
1396873217270;29946229;1670.5714;598.2143;0.32258064;2
1396873217272;29946240;1670.5714;598.2143;0.32258064;1
1396873219110;29948079;1180.2858;611.6071;0.41935483;0
1396873219177;29948143;1148.764;607.27673;0.41935483;2
1396873219194;29948160;1100.6875;603.6175;0.41935483;2
1396873219211;29948177;1053.385;601.7857;0.41935483;2
1396873219231;29948194;1004.49286;601.7857;0.41935483;2
1396873219245;29948210;956.0384;603.0635;0.41935483;2
1396873219261;29948227;922.8952;603.5714;0.41935483;2
1396873219281;29948244;909.43;604.4643;0.41935483;2
1396873219295;29948260;873.67303;604.4643;0.41935483;2
1396873219311;29948277;845.886;601.11127;0.38709676;2
1396873219322;29948281;844.2857;600.0;0.3548387;2
1396873219324;29948292;844.2857;600.0;0.3548387;1
1396873220614;29949583;1776.8572;566.0714;0.41935483;0
1396873220691;29949655;1770.7661;575.62683;0.41935483;2
1396873220706;29949672;1761.1671;577.724;0.41935483;2
1396873220722;29949687;1737.1588;579.7211;0.41935483;2
1396873220752;29949717;1651.0686;576.2932;0.41935483;2
1396873220772;29949734;1569.7576;572.1515;0.41935483;2
1396873220789;29949751;1478.9922;566.8205;0.41935483;2
1396873220803;29949768;1379.6787;563.33844;0.41935483;2
1396873220820;29949785;1225.107;557.0452;0.41935483;2
1396873220837;29949802;1127.7424;556.25;0.41935483;2
1396873220854;29949819;1021.59314;555.3571;0.41935483;2
1396873220871;29949836;902.0341;558.4603;0.41935483;2
1396873220890;29949852;732.10913;568.80084;0.41935483;2
1396873220904;29949869;642.28204;575.14514;0.41935483;2
1396873220921;29949886;547.0281;578.63324;0.41935483;2
1396873220937;29949903;477.18384;578.14496;0.41935483;2
1396873220954;29949920;416.36707;572.39984;0.41935483;2
1396873220973;29949937;374.09457;564.90063;0.41935483;2
1396873220988;29949953;369.74713;564.2156;0.41935483;2
1396873221005;29949970;350.58606;559.82574;0.41935483;2
1396873221023;29949987;340.15497;557.6513;0.41935483;2
1396873221038;29950004;331.99057;556.25;0.41935483;2
1396873221055;29950021;325.5172;556.25;0.41935483;2
1396873221072;29950037;320.84177;556.25;0.41935483;2
1396873221089;29950054;316.8367;556.25;0.41935483;2
1396873221105;29950071;314.0761;556.25;0.41935483;2
1396873221122;29950088;312.052;556.25;0.41935483;2
1396873221139;29950105;309.6871;556.25;0.41935483;2
1396873221156;29950122;306.2774;556.25;0.41935483;2
1396873221173;29950139;300.76593;557.4721;0.41935483;2
1396873221190;29950155;292.8564;561.3099;0.41935483;2
1396873221208;29950172;284.07825;566.0225;0.41935483;2
1396873221223;29950187;274.7143;571.875;0.41935483;2
1396873221243;29950209;266.4741;575.05066;0.41935483;2
1396873221263;29950226;259.14127;578.5714;0.38709676;2
1396873221272;29950231;257.14285;578.5714;0.3548387;2
1396873221274;29950243;257.14285;578.5714;0.3548387;1
1396873222612;29951579;699.4286;648.2143;0.41935483;0
1396873222681;29951647;721.7582;640.6135;0.41935483;2
1396873222698;29951662;752.5714;635.71423;0.41935483;2
1396873222721;29951687;811.3717;629.03796;0.41935483;2
1396873222739;29951704;869.7596;623.5557;0.41935483;2
1396873222755;29951720;919.67053;619.80725;0.41935483;2
1396873222772;29951737;955.6867;618.75;0.41935483;2
1396873222789;29951754;981.5699;618.75;0.41935483;2
1396873222806;29951771;1010.19275;618.55963;0.41935483;2
1396873222822;29951787;1028.5714;617.8571;0.41935483;2
1396873222841;29951804;1037.4865;617.8571;0.41935483;2
1396873222858;29951821;1059.225;617.8571;0.41935483;2
1396873222872;29951838;1072.8641;617.8571;0.41935483;2
1396873222890;29951855;1080.5785;617.8571;0.3548387;2
1396873222895;29951864;1080.5785;617.8571;0.3548387;1
1396873224062;29953031;456.0;624.1071;0.41935483;0
1396873224132;29953098;482.10858;613.6875;0.41935483;2
1396873224151;29953114;523.8879;608.5184;0.41935483;2
1396873224162;29953128;570.7906;604.8993;0.41935483;2
1396873224187;29953145;632.48785;600.2613;0.41935483;2
1396873224198;29953162;696.93665;596.984;0.41935483;2
1396873224213;29953179;770.0933;594.73627;0.41935483;2
1396873224232;29953196;804.5146;593.70917;0.41935483;2
1396873224247;29953212;928.3659;591.7725;0.41935483;2
1396873224264;29953229;1039.1112;590.1786;0.41935483;2
1396873224282;29953246;1098.1697;590.1786;0.41935483;2
1396873224297;29953263;1158.509;590.1786;0.41935483;2
1396873224314;29953280;1213.6864;589.2857;0.41935483;2
1396873224331;29953297;1253.7404;589.2857;0.41935483;2
1396873224348;29953308;1272.8572;589.2857;0.41935483;2
1396873224365;29953330;1293.7867;589.2857;0.41935483;2
1396873224381;29953347;1316.7548;589.2857;0.41935483;2
1396873224398;29953364;1333.6885;590.1786;0.41935483;2
1396873224415;29953381;1347.5626;590.94586;0.41935483;2
1396873224432;29953398;1356.252;591.0714;0.41935483;2
1396873224449;29953414;1361.617;591.0714;0.41935483;2
1396873224468;29953431;1365.8987;591.0714;0.41935483;2
1396873224482;29953448;1367.9281;591.0714;0.41935483;2
1396873224499;29953465;1370.4183;591.0714;0.41935483;2
1396873224516;29953482;1372.5106;591.0714;0.41935483;2
1396873224550;29953515;1372.2858;588.83887;0.3548387;2
1396873224560;29953518;1372.2858;588.3928;0.32258064;2
1396873224562;29953531;1372.2858;588.3928;0.32258064;1
1396873225835;29954805;36.857143;640.1786;0.2580645;0
1396873225889;29954855;48.89904;637.49066;0.32258064;2
1396873225906;29954871;78.78407;631.1856;0.3548387;2
1396873225922;29954888;128.40358;623.2447;0.3548387;2
1396873225947;29954912;181.99297;613.0347;0.3548387;2
1396873225963;29954929;233.54689;602.4158;0.3548387;2
1396873225980;29954945;310.91214;587.54803;0.3548387;2
1396873225996;29954962;389.0758;573.2259;0.3548387;2
1396873226013;29954979;466.91574;561.3971;0.3548387;2
1396873226030;29954996;560.9951;551.1414;0.3548387;2
1396873226048;29955013;652.0264;544.223;0.3548387;2
1396873226064;29955029;734.5714;539.28577;0.3548387;2
1396873226081;29955046;830.1196;533.6341;0.3548387;2
1396873226097;29955063;1000.77124;530.01825;0.3548387;2
1396873226114;29955080;1089.1694;527.7883;0.3548387;2
1396873226132;29955097;1170.5908;525.5873;0.3548387;2
1396873226148;29955114;1275.2986;523.3777;0.3548387;2
1396873226167;29955130;1349.7023;523.2143;0.3548387;2
1396873226182;29955147;1415.8174;524.78534;0.3548387;2
1396873226199;29955164;1444.7682;526.7568;0.3548387;2
1396873226215;29955181;1497.9384;531.64703;0.3548387;2
1396873226235;29955198;1528.8854;535.67596;0.3548387;2
1396873226249;29955214;1538.291;537.8734;0.3548387;2
1396873226266;29955231;1545.9746;540.07056;0.3548387;2
1396873226284;29955248;1551.901;542.2104;0.3548387;2
1396873226301;29955265;1556.22;544.4598;0.3548387;2
1396873226316;29955276;1559.143;545.9822;0.3548387;2
1396873226334;29955298;1561.2031;547.6817;0.3548387;2
1396873226350;29955316;1563.4214;549.9925;0.3548387;2
1396873226367;29955332;1565.5363;552.1955;0.3548387;2
1396873226385;29955349;1567.6799;554.4284;0.3548387;2
1396873226402;29955366;1569.7845;556.6207;0.3548387;2
1396873226417;29955383;1576.2235;558.0227;0.3548387;2
1396873226435;29955392;1581.4287;550.0;0.29032257;2
1396873226439;29955410;1581.4287;550.0;0.29032257;1
1396873227640;29956610;500.57144;634.8214;0.41935483;0
1396873227706;29956672;514.48016;629.42377;0.41935483;2
1396873227724;29956688;562.0383;623.4013;0.41935483;2
1396873227739;29956705;620.71497;619.57117;0.41935483;2
1396873227756;29956722;679.3068;619.6428;0.41935483;2
1396873227778;29956743;769.43494;619.6428;0.41935483;2
1396873227795;29956760;846.0761;620.5357;0.41935483;2
1396873227811;29956775;924.8572;620.5357;0.41935483;2
1396873227832;29956793;969.03186;621.3237;0.41935483;2
1396873227847;29956810;1113.7382;621.0867;0.41935483;2
1396873227864;29956827;1182.6427;620.5357;0.41935483;2
1396873227882;29956844;1236.1301;618.75;0.41935483;2
1396873227895;29956861;1284.0826;616.5092;0.41935483;2
1396873227914;29956877;1311.2443;615.0458;0.41935483;2
1396873227928;29956894;1332.0985;612.82196;0.41935483;2
1396873227945;29956911;1340.9891;611.66437;0.41935483;2
1396873227964;29956928;1351.2352;611.6071;0.41935483;2
1396873227979;29956944;1357.3325;611.6071;0.41935483;2
1396873227996;29956962;1361.4866;611.6071;0.41935483;2
1396873228013;29956979;1363.7957;609.7367;0.3548387;2
1396873228019;29956989;1363.7957;609.7367;0.3548387;1
1396873229201;29958169;1206.8572;622.3214;0.41935483;0
1396873229241;29958205;1175.8076;620.0395;0.41935483;2
1396873229256;29958222;1135.454;616.7929;0.41935483;2
1396873229273;29958239;1088.69;612.85474;0.41935483;2
1396873229289;29958255;1050.2916;608.0762;0.41935483;2
1396873229306;29958272;1001.2786;602.2514;0.41935483;2
1396873229323;29958288;975.4185;598.5781;0.41935483;2
1396873229339;29958305;941.8843;593.47766;0.41935483;2
1396873229356;29958322;904.01984;588.1589;0.41935483;2
1396873229373;29958339;886.683;585.37134;0.41935483;2
1396873229391;29958356;866.07983;580.00586;0.3548387;2
1396873229394;29958361;866.07983;580.00586;0.3548387;1
1396873230537;29959506;1516.2858;589.2857;0.41935483;0
1396873230578;29959544;1498.7931;595.9143;0.41935483;2
1396873230595;29959556;1479.8572;599.1072;0.41935483;2
1396873230612;29959577;1444.745;598.7769;0.41935483;2
1396873230629;29959594;1380.577;596.592;0.41935483;2
1396873230650;29959615;1290.4639;594.7524;0.41935483;2
1396873230666;29959632;1203.2931;594.6428;0.41935483;2
1396873230684;29959649;1089.0505;596.2612;0.41935483;2
1396873230702;29959666;998.7636;599.66187;0.41935483;2
1396873230717;29959680;903.8572;603.5715;0.41935483;2
1396873230733;29959699;865.01166;604.48584;0.41935483;2
1396873230750;29959716;742.4995;605.3571;0.41935483;2
1396873230767;29959733;693.1881;602.9949;0.41935483;2
1396873230785;29959750;666.64954;599.4995;0.41935483;2
1396873230801;29959766;641.8967;591.4382;0.41935483;2
1396873230818;29959783;612.8875;581.26263;0.38709676;2
1396873230829;29959788;600.0;575.8928;0.3548387;2
1396873230831;29959800;600.0;575.8928;0.3548387;1
1396873231864;29960832;1224.8572;633.9286;0.41935483;0
1396873231894;29960860;1211.8666;633.9286;0.41935483;2
1396873231911;29960877;1174.2545;629.9075;0.41935483;2
1396873231929;29960894;1116.5333;624.15155;0.41935483;2
1396873231947;29960910;1066.0569;618.8457;0.41935483;2
1396873231960;29960926;1021.6323;614.8994;0.41935483;2
1396873231977;29960943;972.8309;611.48944;0.41935483;2
1396873231993;29960959;932.3004;609.60565;0.41935483;2
1396873232010;29960976;880.65955;607.11884;0.41935483;2
1396873232028;29960993;865.38257;606.05414;0.41935483;2
1396873232044;29961010;825.0103;603.1842;0.41935483;2
1396873232061;29961027;791.95374;594.32916;0.3548387;2
1396873232065;29961035;791.95374;594.32916;0.3548387;1
1396873233191;29962159;1180.2858;637.5;0.41935483;0
1396873233233;29962198;1158.3318;625.4644;0.41935483;2
1396873233251;29962214;1122.2633;615.99615;0.41935483;2
1396873233265;29962231;1083.9443;609.81384;0.41935483;2
1396873233282;29962244;1047.8572;606.24994;0.41935483;2
1396873233304;29962269;988.80804;602.5985;0.41935483;2
1396873233321;29962286;935.6666;598.6834;0.41935483;2
1396873233338;29962303;895.9696;596.44904;0.41935483;2
1396873233354;29962320;869.2113;594.27673;0.41935483;2
1396873233371;29962337;846.7811;592.13495;0.41935483;2
1396873233388;29962354;834.6329;590.88367;0.38709676;2
1396873233393;29962363;834.6329;590.88367;0.38709676;1
1396873234429;29963399;1790.5714;608.0357;0.41935483;0
1396873234498;29963463;1740.2834;603.02905;0.41935483;2
1396873234516;29963480;1671.0526;596.39594;0.41935483;2
1396873234532;29963495;1574.6895;590.18665;0.41935483;2
1396873234542;29963508;1460.9391;584.8815;0.41935483;2
1396873234559;29963525;1337.9006;585.5863;0.41935483;2
1396873234576;29963542;1125.1371;589.8178;0.41935483;2
1396873234593;29963559;1034.2062;592.9285;0.41935483;2
1396873234610;29963576;847.2187;603.59814;0.41935483;2
1396873234627;29963593;651.2042;611.51544;0.41935483;2
1396873234644;29963610;558.59186;610.8287;0.41935483;2
1396873234661;29963626;452.7765;601.3563;0.41935483;2
1396873234677;29963643;386.98874;585.4558;0.41935483;2
1396873234694;29963660;333.20712;567.81573;0.41935483;2
1396873234711;29963671;303.85715;557.5893;0.41935483;2
1396873234728;29963694;284.64;553.3393;0.41935483;2
1396873234736;29963695;282.85715;553.5714;0.38709676;2
1396873234740;29963706;282.85715;553.5714;0.38709676;1
1396873235957;29964924;131.14285;636.6071;0.41935483;0
1396873236036;29965002;203.38635;617.7616;0.41935483;2
1396873236052;29965018;301.1526;609.83984;0.41935483;2
1396873236069;29965035;458.14917;596.8221;0.41935483;2
1396873236091;29965057;620.3085;586.8475;0.41935483;2
1396873236108;29965070;762.0;580.8035;0.41935483;2
1396873236125;29965091;869.77167;577.44366;0.41935483;2
1396873236142;29965108;1109.754;572.5091;0.41935483;2
1396873236159;29965125;1218.4954;571.4286;0.41935483;2
1396873236176;29965141;1358.1085;571.67737;0.41935483;2
1396873236193;29965158;1437.167;571.4286;0.41935483;2
1396873236209;29965175;1513.9374;571.4286;0.41935483;2
1396873236226;29965191;1585.6157;571.12427;0.3548387;2
1396873236239;29965210;1585.6157;571.12427;0.3548387;1
1396873237284;29966253;1212.0;611.6071;0.41935483;0
1396873237332;29966298;1200.8025;605.3265;0.41935483;2
1396873237349;29966315;1176.9622;602.17615;0.41935483;2
1396873237367;29966331;1127.4707;600.8928;0.41935483;2
1396873237386;29966348;1093.9675;601.50085;0.41935483;2
1396873237404;29966368;1026.2129;605.7526;0.41935483;2
1396873237419;29966384;959.2199;610.0542;0.41935483;2
1396873237435;29966401;903.33887;612.5752;0.41935483;2
1396873237452;29966418;862.8825;612.5;0.41935483;2
1396873237469;29966434;846.7253;612.5;0.38709676;2
1396873237474;29966445;846.7253;612.5;0.38709676;1
1396873238540;29967509;696.8572;642.8571;0.41935483;0
1396873238607;29967573;713.73505;633.3697;0.41935483;2
1396873238628;29967590;741.9089;627.59515;0.41935483;2
1396873238641;29967606;790.9527;620.2786;0.41935483;2
1396873238662;29967628;822.5721;615.8134;0.41935483;2
1396873238679;29967645;883.9761;605.4333;0.41935483;2
1396873238698;29967661;937.42523;598.1403;0.41935483;2
1396873238713;29967678;976.274;593.5449;0.41935483;2
1396873238729;29967695;1004.32983;591.2968;0.41935483;2
1396873238744;29967703;1019.1429;589.2857;0.38709676;2
1396873238746;29967714;1019.1429;589.2857;0.38709676;1
1396873239803;29968770;1200.8572;625.8928;0.41935483;0
1396873239852;29968817;1181.809;625.8928;0.41935483;2
1396873239868;29968833;1152.699;625.8928;0.41935483;2
1396873239886;29968850;1103.7062;624.9501;0.41935483;2
1396873239901;29968866;1052.2028;624.1071;0.41935483;2
1396873239922;29968887;1001.82336;622.57916;0.41935483;2
1396873239939;29968904;950.59686;620.6518;0.41935483;2
1396873239955;29968921;894.73956;618.39526;0.41935483;2
1396873239972;29968938;855.12225;616.9643;0.41935483;2
1396873239989;29968955;836.26654;615.64343;0.41935483;2
1396873240006;29968971;822.8424;612.1367;0.38709676;2
1396873240011;29968982;822.8424;612.1367;0.38709676;1
1396873241011;29969981;1422.0;604.4643;0.41935483;0
1396873241099;29970064;1347.7228;593.2275;0.41935483;2
1396873241114;29970079;1277.5126;591.0714;0.41935483;2
1396873241127;29970093;1175.4454;592.8083;0.41935483;2
1396873241145;29970110;1062.1515;595.628;0.41935483;2
1396873241162;29970127;959.2369;600.1746;0.41935483;2
1396873241179;29970139;894.4286;603.5715;0.41935483;2
1396873241195;29970161;830.84546;605.3571;0.41935483;2
1396873241212;29970178;703.6196;604.55566;0.41935483;2
1396873241232;29970195;651.21515;599.7667;0.41935483;2
1396873241246;29970211;615.20905;593.8708;0.41935483;2
1396873241265;29970228;599.1707;590.69293;0.41935483;2
1396873241281;29970245;583.7493;587.5052;0.41935483;2
1396873241297;29970256;578.5714;584.8214;0.38709676;2
1396873241302;29970272;578.5714;584.8214;0.38709676;1
1396873242399;29971367;757.7143;625.0;0.41935483;0
1396873242454;29971420;767.4438;625.0;0.41935483;2
1396873242471;29971437;780.71893;622.17163;0.41935483;2
1396873242489;29971453;838.3883;613.5899;0.41935483;2
1396873242504;29971470;898.36224;604.1773;0.41935483;2
1396873242528;29971491;964.96423;595.72345;0.41935483;2
1396873242542;29971508;1004.92847;591.31757;0.41935483;2
1396873242559;29971525;1032.5486;589.0893;0.41935483;2
1396873242576;29971540;1052.143;587.0536;0.41935483;2
1396873242593;29971558;1062.9067;585.80774;0.41935483;2
1396873242609;29971573;1086.8572;582.1428;0.3548387;2
1396873242613;29971582;1086.8572;582.1428;0.3548387;1
1396873243556;29972525;1416.8572;586.6071;0.41935483;0
1396873243618;29972583;1397.4263;585.7512;0.41935483;2
1396873243635;29972600;1388.898;584.76;0.41935483;2
1396873243653;29972617;1330.0255;581.6889;0.41935483;2
1396873243668;29972634;1250.1012;581.25;0.41935483;2
1396873243685;29972650;1144.7047;584.73914;0.41935483;2
1396873243701;29972667;1028.6417;590.9185;0.41935483;2
1396873243718;29972684;936.8526;596.42883;0.41935483;2
1396873243736;29972701;861.52295;600.6462;0.41935483;2
1396873243753;29972718;805.38074;602.37427;0.41935483;2
1396873243769;29972734;742.7554;600.6048;0.41935483;2
1396873243785;29972751;661.701;595.07245;0.41935483;2
1396873243802;29972768;616.0417;589.39215;0.41935483;2
1396873243819;29972785;594.92786;584.58734;0.41935483;2
1396873243836;29972802;586.5073;580.7317;0.41935483;2
1396873243853;29972818;579.79895;575.7717;0.3548387;2
1396873243870;29972826;577.71423;571.4286;0.32258064;2
1396873243873;29972844;577.71423;571.4286;0.32258064;1
1396873244906;29973876;1791.4286;578.5714;0.41935483;0
1396873244978;29973944;1781.0562;587.57526;0.41935483;2
1396873244996;29973961;1730.2025;586.9812;0.41935483;2
1396873245012;29973978;1660.814;583.91907;0.41935483;2
1396873245030;29973995;1614.058;581.593;0.41935483;2
1396873245045;29974011;1406.4274;572.96265;0.41935483;2
1396873245062;29974028;1225.3129;571.52313;0.41935483;2
1396873245086;29974045;1103.9979;572.3131;0.41935483;2
1396873245096;29974062;919.4309;575.897;0.41935483;2
1396873245113;29974078;839.91376;576.35754;0.41935483;2
1396873245130;29974095;681.99036;573.3771;0.41935483;2
1396873245146;29974106;635.14294;571.875;0.41935483;2
1396873245163;29974129;562.7149;567.74316;0.41935483;2
1396873245181;29974146;442.94092;561.5756;0.41935483;2
1396873245197;29974163;398.0477;561.6071;0.41935483;2
1396873245214;29974179;368.97473;563.36053;0.41935483;2
1396873245232;29974196;346.25708;565.51715;0.41935483;2
1396873245247;29974213;320.28635;565.99207;0.38709676;2
1396873245253;29974224;320.28635;565.99207;0.38709676;1
1396873246568;29975536;120.0;648.2143;0.41935483;0
1396873246626;29975591;135.81937;633.8957;0.41935483;2
1396873246642;29975608;153.63441;629.3174;0.41935483;2
1396873246658;29975624;218.69652;623.5065;0.41935483;2
1396873246676;29975640;386.999;618.42914;0.41935483;2
1396873246695;29975657;472.42905;615.405;0.41935483;2
1396873246710;29975674;651.901;601.6307;0.41935483;2
1396873246725;29975691;808.7296;593.7744;0.41935483;2
1396873246742;29975708;993.65814;589.2857;0.41935483;2
1396873246759;29975723;1107.8572;590.625;0.41935483;2
1396873246775;29975741;1219.0878;591.8222;0.41935483;2
1396873246795;29975758;1405.9841;593.99396;0.41935483;2
1396873246809;29975775;1501.0018;595.2893;0.41935483;2
1396873246826;29975792;1560.9075;596.5261;0.41935483;2
1396873246843;29975808;1611.0492;597.3214;0.41935483;2
1396873246860;29975825;1634.5138;597.3214;0.41935483;2
1396873246878;29975842;1645.6957;597.3214;0.41935483;2
1396873246893;29975859;1651.3394;597.3214;0.41935483;2
1396873246910;29975876;1664.3292;598.2143;0.41935483;2
1396873246927;29975893;1677.5531;598.2143;0.41935483;2
1396873246946;29975909;1686.4332;599.8896;0.41935483;2
1396873246961;29975926;1692.517;601.9652;0.41935483;2
1396873246977;29975943;1695.9595;604.12445;0.41935483;2
1396873246994;29975960;1696.2858;606.22485;0.41935483;2
1396873247011;29975977;1695.1838;608.29065;0.41935483;2
1396873247028;29975993;1694.1179;609.401;0.41935483;2
1396873247038;29975996;1693.7144;609.8214;0.41935483;2
1396873247040;29976008;1693.7144;609.8214;0.41935483;1
1396873248198;29977167;217.7143;589.2857;0.41935483;0
1396873248286;29977247;260.68878;583.9901;0.41935483;2
1396873248298;29977264;325.6606;586.0914;0.41935483;2
1396873248315;29977280;365.43384;586.6071;0.41935483;2
1396873248335;29977301;583.0767;582.3083;0.41935483;2
1396873248353;29977318;733.978;576.68024;0.41935483;2
1396873248369;29977335;908.79156;572.3464;0.41935483;2
1396873248386;29977352;1042.6254;568.75;0.41935483;2
1396873248403;29977369;1201.2953;568.75;0.41935483;2
1396873248420;29977386;1353.269;573.5266;0.41935483;2
1396873248437;29977402;1394.0376;575.81854;0.41935483;2
1396873248454;29977419;1528.5767;588.51245;0.41935483;2
1396873248470;29977436;1638.2286;600.5442;0.41935483;2
1396873248490;29977453;1674.2421;606.5635;0.41935483;2
1396873248504;29977470;1700.4064;612.457;0.41935483;2
1396873248521;29977487;1719.5095;617.20856;0.41935483;2
1396873248538;29977503;1728.212;619.92126;0.41935483;2
1396873248555;29977517;1734.4285;621.875;0.41935483;2
1396873248571;29977537;1738.6152;623.3287;0.41935483;2
1396873248588;29977554;1742.4806;625.3991;0.41935483;2
1396873248605;29977571;1745.8538;627.5263;0.41935483;2
1396873248622;29977588;1747.9308;629.68976;0.41935483;2
1396873248639;29977604;1747.7144;631.80585;0.41935483;2
1396873248656;29977621;1747.7144;633.96783;0.41935483;2
1396873248672;29977638;1745.6356;634.8214;0.41935483;2
1396873248690;29977655;1744.4329;634.8214;0.41935483;2
1396873248707;29977672;1744.39;633.9286;0.38709676;2
1396873248719;29977677;1745.1428;633.9286;0.3548387;2
1396873248721;29977689;1745.1428;633.9286;0.3548387;1
1396873249900;29978869;720.8572;624.1071;0.41935483;0
1396873249951;29978917;732.179;622.2927;0.41935483;2
1396873249968;29978934;739.7554;622.0493;0.41935483;2
1396873249985;29978951;782.0779;619.1549;0.41935483;2
1396873250001;29978967;837.83026;615.9567;0.41935483;2
1396873250018;29978983;888.2113;612.442;0.41935483;2
1396873250035;29979000;925.8711;609.1082;0.41935483;2
1396873250051;29979017;963.5955;607.6789;0.41935483;2
1396873250068;29979034;991.17847;605.46875;0.41935483;2
1396873250086;29979045;1009.28577;604.0179;0.41935483;2
1396873250102;29979067;1025.5035;602.24;0.41935483;2
1396873250119;29979084;1046.0125;600.8928;0.41935483;2
1396873250138;29979101;1057.6184;599.57855;0.38709676;2
1396873250151;29979110;1062.8572;598.2143;0.32258064;2
1396873250154;29979121;1062.8572;598.2143;0.32258064;1
1396873251209;29980178;1439.1428;636.6071;0.41935483;0
1396873251272;29980238;1411.1086;636.6071;0.41935483;2
1396873251289;29980255;1360.3591;636.6071;0.41935483;2
1396873251305;29980271;1299.9955;636.6071;0.41935483;2
1396873251327;29980292;1211.403;638.5424;0.41935483;2
1396873251344;29980309;1130.319;639.2857;0.41935483;2
1396873251360;29980321;1071.4287;639.2857;0.41935483;2
1396873251377;29980343;1003.146;639.2857;0.41935483;2
1396873251394;29980360;854.2249;635.7618;0.41935483;2
1396873251411;29980377;810.665;634.8747;0.41935483;2
1396873251428;29980393;757.06384;631.4101;0.41935483;2
1396873251445;29980410;707.096;626.6979;0.41935483;2
1396873251461;29980427;668.3331;622.4495;0.41935483;2
1396873251478;29980444;640.36523;620.19867;0.41935483;2
1396873251495;29980461;627.82904;619.15674;0.41935483;2
1396873251512;29980478;602.0079;616.9898;0.41935483;2
1396873251531;29980495;584.3946;613.8917;0.41935483;2
1396873251546;29980511;574.44995;610.79987;0.41935483;2
1396873251562;29980527;565.7143;604.0178;0.32258064;2
1396873251565;29980535;565.7143;604.0178;0.32258064;1
1396873252622;29981592;459.4286;615.1786;0.41935483;0
1396873252692;29981655;512.0649;608.77277;0.41935483;2
1396873252706;29981672;579.30994;609.4764;0.41935483;2
1396873252722;29981688;651.1388;609.8214;0.41935483;2
1396873252739;29981705;734.05286;608.3638;0.41935483;2
1396873252756;29981722;855.1135;602.79205;0.41935483;2
1396873252773;29981738;938.46625;598.4156;0.41935483;2
1396873252791;29981755;997.2727;595.1644;0.41935483;2
1396873252807;29981772;1089.1234;590.11475;0.41935483;2
1396873252823;29981789;1205.0521;587.5;0.41935483;2
1396873252843;29981806;1259.684;586.6071;0.41935483;2
1396873252857;29981822;1313.177;585.7143;0.41935483;2
1396873252874;29981839;1344.7128;585.7143;0.41935483;2
1396873252890;29981856;1364.035;586.06757;0.41935483;2
1396873252907;29981870;1372.2856;587.9464;0.41935483;2
1396873252924;29981890;1376.0629;587.5;0.41935483;2
1396873252932;29981901;1376.0629;587.5;0.41935483;1
1396873254004;29982970;1764.0;605.3571;0.41935483;0
1396873254051;29983016;1740.981;610.44995;0.41935483;2
1396873254067;29983033;1698.4309;611.6071;0.41935483;2
1396873254084;29983050;1641.6395;609.2013;0.41935483;2
1396873254100;29983065;1613.1418;608.13135;0.41935483;2
1396873254117;29983082;1526.5411;604.7156;0.41935483;2
1396873254133;29983099;1388.3303;601.7857;0.41935483;2
1396873254150;29983116;1308.5507;601.7857;0.41935483;2
1396873254167;29983133;1136.8193;600.54364;0.41935483;2
1396873254184;29983150;1028.8138;602.7595;0.41935483;2
1396873254201;29983166;865.69073;604.4643;0.41935483;2
1396873254217;29983179;804.4286;604.4643;0.41935483;2
1396873254235;29983200;727.0313;604.4643;0.41935483;2
1396873254251;29983217;541.42346;603.5714;0.41935483;2
1396873254268;29983234;481.28516;602.34375;0.41935483;2
1396873254285;29983250;421.58862;600.12744;0.41935483;2
1396873254304;29983267;370.32443;597.5967;0.41935483;2
1396873254318;29983284;334.50653;594.0668;0.41935483;2
1396873254336;29983301;311.68768;591.72974;0.41935483;2
1396873254354;29983318;300.4608;589.3817;0.41935483;2
1396873254369;29983334;284.86044;587.5;0.41935483;2
1396873254389;29983351;273.0077;586.6071;0.41935483;2
1396873254403;29983368;261.70978;585.7729;0.41935483;2
1396873254419;29983385;252.08578;584.8214;0.41935483;2
1396873254436;29983402;245.14594;583.9297;0.41935483;2
1396873254447;29983406;241.7143;583.0357;0.3548387;2
1396873254450;29983418;241.7143;583.0357;0.3548387;1
1396873255530;29984498;733.7143;631.25;0.41935483;0
1396873255582;29984545;766.77026;628.03973;0.41935483;2
1396873255597;29984562;815.1201;621.39124;0.41935483;2
1396873255613;29984578;863.5701;616.5992;0.41935483;2
1396873255629;29984594;884.8963;614.6833;0.41935483;2
1396873255645;29984611;942.8417;608.5527;0.41935483;2
1396873255664;29984628;992.9791;603.8575;0.41935483;2
1396873255681;29984645;1025.2744;601.0883;0.41935483;2
1396873255698;29984662;1055.1875;597.9559;0.41935483;2
1396873255713;29984678;1086.5376;594.01263;0.41935483;2
1396873255725;29984685;1097.1428;591.0714;0.3548387;2
1396873255728;29984696;1097.1428;591.0714;0.3548387;1
1396873256695;29985665;1435.7144;652.6786;0.41935483;0
1396873256771;29985737;1406.4838;643.1724;0.41935483;2
1396873256790;29985754;1380.8522;636.96326;0.41935483;2
1396873256804;29985770;1330.2758;627.87024;0.41935483;2
1396873256822;29985787;1249.375;620.0472;0.41935483;2
1396873256838;29985804;1158.9733;615.68854;0.41935483;2
1396873256856;29985821;1069.1178;614.2857;0.41935483;2
1396873256872;29985838;990.80853;614.2857;0.41935483;2
1396873256889;29985854;919.25836;614.2857;0.41935483;2
1396873256905;29985871;845.3348;612.9785;0.41935483;2
1396873256922;29985888;813.2701;611.91864;0.41935483;2
1396873256939;29985905;740.9232;607.8415;0.41935483;2
1396873256956;29985922;682.13495;603.4517;0.41935483;2
1396873256973;29985938;631.749;599.1103;0.41935483;2
1396873256990;29985955;599.82245;597.0325;0.41935483;2
1396873257006;29985972;571.79486;594.7866;0.41935483;2
1396873257024;29985989;548.08276;593.75;0.41935483;2
1396873257042;29986006;540.8453;593.75;0.41935483;2
1396873257057;29986023;533.2059;593.75;0.41935483;2
1396873257074;29986039;527.51056;591.2629;0.3548387;2
1396873257082;29986041;527.1429;591.0714;0.32258064;2
1396873257084;29986052;527.1429;591.0714;0.32258064;1
1396873258066;29987036;1196.5714;639.2857;0.41935483;0
1396873258111;29987077;1166.6744;633.40356;0.41935483;2
1396873258128;29987093;1107.6957;627.34924;0.41935483;2
1396873258144;29987110;1047.7012;623.60706;0.41935483;2
1396873258161;29987126;991.65826;619.6383;0.41935483;2
1396873258186;29987148;932.6964;614.98254;0.41935483;2
1396873258199;29987165;905.9499;612.7388;0.41935483;2
1396873258216;29987177;889.2857;612.5;0.41935483;2
1396873258233;29987199;874.3076;612.8943;0.41935483;2
1396873258249;29987208;860.5714;614.2857;0.38709676;2
1396873258252;29987220;860.5714;614.2857;0.38709676;1
1396873259391;29988361;449.14285;643.75;0.41935483;0
1396873259444;29988408;468.82233;641.72406;0.41935483;2
1396873259460;29988425;508.8125;637.971;0.41935483;2
1396873259477;29988438;553.71436;633.4821;0.41935483;2
1396873259493;29988458;604.80237;627.2927;0.41935483;2
1396873259509;29988475;732.3863;613.496;0.41935483;2
1396873259526;29988492;806.9936;607.627;0.41935483;2
1396873259543;29988509;890.6219;603.0475;0.41935483;2
1396873259560;29988525;982.0404;600.8928;0.41935483;2
1396873259576;29988542;1057.2185;600.8928;0.41935483;2
1396873259593;29988559;1128.8325;601.7062;0.41935483;2
1396873259610;29988576;1159.343;602.7237;0.41935483;2
1396873259627;29988593;1223.9838;604.06683;0.41935483;2
1396873259644;29988610;1268.5918;606.1571;0.41935483;2
1396873259663;29988626;1287.7596;607.1428;0.41935483;2
1396873259681;29988643;1296.6906;607.1428;0.41935483;2
1396873259694;29988660;1303.2161;607.1428;0.41935483;2
1396873259711;29988677;1308.7251;607.1428;0.41935483;2
1396873259728;29988687;1311.4285;607.1428;0.41935483;2
1396873259745;29988710;1315.0638;607.1428;0.41935483;2
1396873259761;29988727;1318.3312;607.1428;0.41935483;2
1396873259781;29988744;1320.4343;607.1428;0.41935483;2
1396873259795;29988761;1322.5417;607.1428;0.41935483;2
1396873259812;29988778;1324.2858;606.6609;0.41935483;2
1396873259828;29988786;1326.8572;605.3571;0.3548387;2
1396873259833;29988799;1326.8572;605.3571;0.3548387;1
1396873260820;29989788;1414.2858;625.0;0.41935483;0
1396873260850;29989816;1403.4525;624.7055;0.41935483;2
1396873260867;29989833;1378.8811;623.3647;0.41935483;2
1396873260884;29989849;1326.1039;621.17737;0.41935483;2
1396873260900;29989866;1264.7216;620.5357;0.41935483;2
1396873260917;29989882;1198.7065;620.5357;0.41935483;2
1396873260938;29989903;1147.6764;621.456;0.41935483;2
1396873260954;29989920;997.84094;627.4939;0.41935483;2
1396873260971;29989937;931.2099;632.3992;0.41935483;2
1396873260989;29989954;869.4657;636.34;0.41935483;2
1396873261006;29989971;806.9681;638.3928;0.41935483;2
1396873261023;29989987;746.964;638.3928;0.41935483;2
1396873261039;29990004;693.5502;638.3928;0.41935483;2
1396873261055;29990021;671.29376;637.0823;0.41935483;2
1396873261072;29990038;623.156;632.1448;0.41935483;2
1396873261089;29990055;598.08844;629.03973;0.41935483;2
1396873261106;29990072;580.29926;627.6786;0.41935483;2
1396873261123;29990088;567.76196;626.7857;0.41935483;2
1396873261140;29990105;559.91016;625.6632;0.3548387;2
1396873261144;29990115;559.91016;625.6632;0.3548387;1
1396873262249;29991220;118.28571;627.6786;0.41935483;0
1396873262326;29991292;139.25351;619.33167;0.41935483;2
1396873262343;29991308;196.45811;615.9421;0.41935483;2
1396873262359;29991325;261.79886;612.37225;0.41935483;2
1396873262385;29991348;369.78107;607.92804;0.41935483;2
1396873262399;29991365;463.05017;603.5192;0.41935483;2
1396873262417;29991381;625.185;594.523;0.41935483;2
1396873262433;29991398;657.42926;593.3379;0.41935483;2
1396873262449;29991415;819.7925;585.1605;0.41935483;2
1396873262466;29991432;1033.9897;576.23987;0.41935483;2
1396873262483;29991449;1121.734;575.3236;0.41935483;2
1396873262500;29991465;1298.9448;574.1871;0.41935483;2
1396873262517;29991482;1380.6528;575.46344;0.41935483;2
1396873262533;29991499;1480.0336;579.5489;0.41935483;2
1396873262551;29991516;1536.094;583.88043;0.41935483;2
1396873262567;29991533;1587.942;590.12744;0.41935483;2
1396873262584;29991549;1648.4836;599.13885;0.41935483;2
1396873262600;29991566;1681.3727;604.4484;0.41935483;2
1396873262617;29991583;1698.4558;608.7101;0.41935483;2
1396873262638;29991600;1708.6528;610.8099;0.41935483;2
1396873262651;29991617;1715.643;612.97125;0.41935483;2
1396873262668;29991634;1720.1086;615.08636;0.41935483;2
1396873262685;29991651;1721.1062;616.0333;0.41935483;2
1396873262702;29991665;1720.7142;618.3035;0.38709676;2
1396873262705;29991675;1720.7142;618.3035;0.38709676;1
1396873263735;29992705;216.85715;616.0714;0.41935483;0
1396873263762;29992726;207.7187;613.21564;0.41935483;2
1396873263778;29992743;195.91609;607.7031;0.41935483;2
1396873263794;29992760;188.1237;604.30884;0.41935483;2
1396873263811;29992769;187.28574;603.125;0.41935483;2
1396873263827;29992793;191.56342;603.5714;0.41935483;2
1396873263844;29992810;216.6948;600.7774;0.41935483;2
1396873263861;29992827;250.70207;598.41675;0.41935483;2
1396873263879;29992843;353.41403;592.42;0.41935483;2
1396873263894;29992860;522.549;583.48615;0.41935483;2
1396873263911;29992877;612.30396;581.0602;0.41935483;2
1396873263928;29992894;805.6274;575.7426;0.41935483;2
1396873263945;29992911;916.3262;575.0;0.41935483;2
1396873263962;29992927;1077.3749;577.24347;0.41935483;2
1396873263979;29992941;1148.1428;580.3572;0.41935483;2
1396873263995;29992961;1205.2704;584.41956;0.41935483;2
1396873264012;29992978;1361.6523;598.0786;0.41935483;2
1396873264032;29992995;1430.2457;604.3274;0.41935483;2
1396873264046;29993012;1487.837;609.9018;0.41935483;2
1396873264063;29993028;1540.3357;614.8109;0.41935483;2
1396873264082;29993045;1585.4674;620.1163;0.41935483;2
1396873264097;29993062;1615.4941;625.2697;0.41935483;2
1396873264113;29993079;1628.4829;628.5484;0.41935483;2
1396873264132;29993096;1646.2982;632.7433;0.41935483;2
1396873264147;29993112;1654.212;636.28394;0.41935483;2
1396873264164;29993129;1660.3832;638.42664;0.41935483;2
1396873264182;29993146;1664.2694;640.46765;0.41935483;2
1396873264197;29993163;1668.4612;642.6509;0.41935483;2
1396873264214;29993180;1672.476;644.7419;0.41935483;2
1396873264234;29993197;1676.4564;644.6428;0.41935483;2
1396873264248;29993213;1678.5491;644.0592;0.41935483;2
1396873264257;29993215;1679.1428;643.75;0.38709676;2
1396873264259;29993228;1679.1428;643.75;0.38709676;1
1396873265328;29994295;102.85715;588.3928;0.41935483;0
1396873265374;29994339;119.22422;592.8712;0.41935483;2
1396873265390;29994356;149.69179;595.1939;0.41935483;2
1396873265407;29994373;218.38289;598.23676;0.41935483;2
1396873265426;29994389;263.6419;596.7709;0.41935483;2
1396873265440;29994406;333.5332;593.99194;0.41935483;2
1396873265457;29994423;520.66974;580.6173;0.41935483;2
1396873265474;29994440;607.2212;575.6348;0.41935483;2
1396873265491;29994456;763.1288;568.3662;0.41935483;2
1396873265507;29994473;877.57446;562.86035;0.41935483;2
1396873265527;29994490;1044.4103;557.1428;0.41935483;2
1396873265541;29994507;1123.3523;555.813;0.41935483;2
1396873265558;29994524;1212.7856;553.4116;0.41935483;2
1396873265575;29994540;1392.0577;550.0;0.41935483;2
1396873265591;29994557;1454.1241;550.0;0.41935483;2
1396873265609;29994574;1517.7533;551.12335;0.41935483;2
1396873265625;29994591;1567.7817;554.04584;0.41935483;2
1396873265642;29994608;1596.449;556.42334;0.41935483;2
1396873265659;29994625;1623.854;558.72534;0.41935483;2
1396873265680;29994641;1632.7977;559.81366;0.41935483;2
1396873265694;29994658;1645.5474;562.0246;0.41935483;2
1396873265709;29994675;1655.6348;564.19055;0.41935483;2
1396873265726;29994692;1662.0032;566.3702;0.41935483;2
1396873265743;29994709;1666.92;568.6339;0.41935483;2
1396873265760;29994725;1672.6069;569.6428;0.38709676;2
1396873265769;29994728;1674.0;569.6428;0.3548387;2
1396873265771;29994739;1674.0;569.6428;0.3548387;1
1396873266781;29995749;486.0;613.3928;0.41935483;0
1396873266826;29995792;497.43646;613.3928;0.41935483;2
1396873266842;29995808;505.14697;612.57385;0.41935483;2
1396873266859;29995825;559.4753;608.20526;0.41935483;2
1396873266868;29995834;602.4543;604.4237;0.41935483;2
1396873266885;29995850;668.40515;598.5353;0.41935483;2
1396873266902;29995867;756.91144;591.7733;0.41935483;2
1396873266919;29995884;856.1382;585.4064;0.41935483;2
1396873266935;29995901;942.737;581.05853;0.41935483;2
1396873266952;29995918;1020.16003;577.5499;0.41935483;2
1396873266971;29995935;1055.1066;576.4979;0.41935483;2
1396873266988;29995951;1142.2003;575.0;0.41935483;2
1396873267002;29995968;1214.2106;577.1025;0.41935483;2
1396873267019;29995985;1265.9878;580.0455;0.41935483;2
1396873267038;29996002;1299.1926;584.3443;0.41935483;2
1396873267054;29996019;1314.0254;586.6115;0.41935483;2
1396873267071;29996036;1326.6987;588.81177;0.41935483;2
1396873267088;29996053;1333.7834;590.04175;0.41935483;2
1396873267107;29996070;1345.4231;591.9643;0.41935483;2
1396873267121;29996084;1353.4287;591.9643;0.3548387;2
1396873267124;29996093;1353.4287;591.9643;0.3548387;1
1396873268167;29997137;741.4286;653.5714;0.38709676;0
1396873268215;29997179;752.3059;651.3053;0.38709676;2
1396873268231;29997196;770.2458;648.0214;0.38709676;2
1396873268247;29997212;795.5628;643.91974;0.38709676;2
1396873268263;29997229;838.1946;635.95447;0.38709676;2
1396873268282;29997245;893.4759;626.99713;0.38709676;2
1396873268297;29997263;942.8499;618.5887;0.38709676;2
1396873268314;29997279;978.59106;614.99384;0.38709676;2
1396873268330;29997296;1006.7862;613.3928;0.38709676;2
1396873268347;29997313;1033.3744;613.3928;0.38709676;2
1396873268366;29997328;1049.143;613.3928;0.38709676;2
1396873268381;29997347;1059.6089;613.3928;0.38709676;2
1396873268398;29997363;1071.8796;613.3928;0.38709676;2
1396873268415;29997380;1078.4388;613.3928;0.3548387;2
1396873268426;29997386;1080.8572;613.3928;0.32258064;2
1396873268428;29997397;1080.8572;613.3928;0.32258064;1
1396873269450;29998418;1192.2858;591.9643;0.41935483;0
1396873269524;29998490;1175.346;597.2912;0.41935483;2
1396873269541;29998506;1163.3984;598.2625;0.41935483;2
1396873269557;29998523;1106.7953;601.137;0.41935483;2
1396873269573;29998539;1047.4302;604.4047;0.41935483;2
1396873269590;29998556;987.7608;607.1428;0.41935483;2
1396873269607;29998572;936.21936;605.45905;0.41935483;2
1396873269623;29998589;896.8197;601.4034;0.41935483;2
1396873269640;29998606;877.4874;599.97046;0.41935483;2
1396873269659;29998623;863.67175;599.1071;0.41935483;2
1396873269674;29998640;850.0105;599.1071;0.41935483;2
1396873269691;29998656;841.71423;596.875;0.3548387;2
1396873269694;29998664;841.71423;596.875;0.3548387;1
1396873270682;29999649;450.85715;628.5714;0.41935483;0
1396873270730;29999694;463.64258;624.2019;0.41935483;2
1396873270746;29999711;513.17035;616.29156;0.41935483;2
1396873270764;29999727;582.00256;609.64264;0.41935483;2
1396873270778;29999744;657.4614;603.85913;0.41935483;2
1396873270800;29999765;781.13824;596.2635;0.41935483;2
1396873270818;29999782;872.5634;590.9779;0.41935483;2
1396873270833;29999799;917.7363;588.58514;0.41935483;2
1396873270850;29999816;1021.37354;585.88525;0.41935483;2
1396873270869;29999833;1147.9678;583.9286;0.41935483;2
1396873270885;29999849;1199.83;583.0357;0.41935483;2
1396873270901;29999866;1247.9567;581.50726;0.41935483;2
1396873270919;29999883;1277.4125;581.25;0.41935483;2
1396873270935;29999900;1299.9401;581.763;0.41935483;2
1396873270951;29999912;1310.5714;583.4822;0.41935483;2
1396873270970;29999933;1318.0133;583.9286;0.41935483;2
1396873270979;29999938;1319.1428;583.9286;0.3548387;2
1396873270987;29999949;1319.1428;583.9286;0.3548387;1
1396873272063;30001033;456.85715;640.1786;0.41935483;0
1396873272133;30001099;511.30496;625.6182;0.41935483;2
1396873272150;30001115;574.37744;616.4754;0.41935483;2
1396873272164;30001126;621.70306;611.023;0.41935483;2
1396873272173;30001137;665.83514;606.37524;0.41935483;2
1396873272182;30001148;712.1947;601.7936;0.41935483;2
1396873272193;30001158;764.8688;597.2167;0.41935483;2
1396873272203;30001169;819.5378;594.46735;0.41935483;2
1396873272214;30001180;895.7144;590.75134;0.41935483;2
1396873272225;30001185;933.0;589.28577;0.41935483;2
1396873272245;30001210;1020.6257;589.2857;0.41935483;2
1396873272262;30001227;1162.3583;587.13983;0.41935483;2
1396873272278;30001244;1220.4695;586.6071;0.41935483;2
1396873272295;30001261;1276.2125;585.7143;0.41935483;2
1396873272312;30001277;1322.1096;586.44916;0.41935483;2
1396873272329;30001294;1344.6027;587.5;0.41935483;2
1396873272346;30001309;1356.8572;588.83923;0.41935483;2
1396873272363;30001328;1361.3672;589.2857;0.41935483;2
1396873272379;30001345;1367.7701;590.1786;0.41935483;2
1396873272396;30001362;1372.4789;592.0649;0.41935483;2
1396873272413;30001378;1376.2599;592.8571;0.41935483;2
1396873272430;30001395;1378.2858;592.5914;0.38709676;2
1396873272449;30001405;1379.1428;591.0714;0.32258064;2
1396873272451;30001417;1379.1428;591.0714;0.32258064;1
